62,90,63,90,64,90,64,89,75,89,75,88,75,87,79,87,79,88,79,89,81,89,81,103,81,104,83,104,83,111,83,111,85,111,85,124,85,125,86,125,86,135,87,136,88,136,88,152,89,153,90,153,90,169,85,169,85,168,85,168,75,168,75,166,75,166,73,166,73,149,73,149,71,149,71,136,71,135,69,135,69,123,69,122,68,122,68,113,67,113,66,113,66,104,65,103,64,103,64,96,63,96,62,96
85,240,86,240,87,240,87,223,88,223,89,223,89,221,98,221,98,241,99,242,100,242,100,245,91,245,91,244,90,243,87,243,87,242,86,241,85,241
106,439,108,439,108,438,108,428,121,428,121,429,122,429,123,429,123,431,122,431,121,431,121,433,120,433,120,433,120,452,120,452,121,452,121,454,120,454,120,454,120,478,108,478,108,477,108,476,106,476
106,367,108,367,108,366,108,357,110,357,110,357,110,346,112,346,112,346,112,339,114,339,114,338,114,331,116,331,116,330,116,314,118,314,118,313,118,272,118,272,116,272,116,270,118,270,118,270,118,267,118,266,116,266,116,234,118,234,118,234,118,232,143,232,143,238,143,238,145,238,145,241,145,242,147,242,147,272,145,272,145,272,145,294,143,294,143,295,143,319,141,319,141,320,141,334,139,334,139,335,139,346,138,346,137,346,137,357,136,357,135,357,135,366,134,366,133,367,133,368,132,368,131,369,131,372,108,372,108,371,108,370,106,370
112,94,114,94,114,94,114,87,116,87,116,86,116,83,133,83,134,82,134,81,149,81,149,80,149,79,166,79,166,80,167,81,176,81,176,98,176,98,178,98,178,109,176,109,176,109,176,113,176,113,178,113,178,149,178,149,180,149,180,204,178,204,178,204,178,211,172,211,172,212,172,213,171,213,170,214,170,215,169,215,169,214,168,213,165,213,164,214,164,215,163,215,163,214,162,213,157,213,157,212,156,211,155,211,155,210,155,209,153,209,153,208,153,207,149,207,149,206,149,205,147,205,147,206,147,207,139,207,139,206,139,205,128,205,128,204,127,204,116,204,116,202,116,202,114,202,114,187,116,187,116,187,116,155,118,155,118,154,118,145,118,145,116,145,116,142,118,142,118,141,118,138,118,137,116,137,116,134,116,133,114,133,114,119,114,118,112,118
122,431,123,431,124,431,124,429,133,429,133,431,134,431,135,431,135,440,136,441,137,441,137,450,138,450,139,450,139,455,138,455,137,456,137,461,136,461,135,462,135,469,136,469,137,469,137,473,136,473,135,473,135,478,122,478
130,373,131,373,132,372,132,369,133,369,134,368,134,367,135,367,136,366,136,357,137,357,138,357,138,346,139,346,139,346,139,335,141,335,141,334,141,320,143,320,143,319,143,304,145,304,145,304,145,272,147,272,147,272,147,242,147,241,145,241,145,238,145,238,143,238,143,236,145,236,145,236,145,232,147,232,147,232,147,231,149,231,149,230,149,229,156,229,156,230,157,231,162,231,163,230,163,229,166,229,167,228,167,227,168,227,168,236,169,236,170,236,170,264,169,264,168,265,168,281,167,281,166,282,166,315,165,315,164,316,164,330,163,330,162,331,162,338,161,338,160,339,160,349,159,349,158,350,158,363,157,363,156,363,156,370,155,370,155,371,155,382,153,382,153,382,153,383,149,383,149,382,149,382,139,382,139,380,139,380,130,380
157,371,158,371,159,370,159,365,160,365,161,365,161,356,162,356,163,355,163,348,164,348,165,348,165,340,166,340,167,340,167,329,168,329,169,329,169,304,170,304,171,304,171,236,170,236,169,236,169,227,190,227,190,226,190,225,193,225,193,236,194,236,195,236,195,260,194,260,193,261,193,298,192,298,191,299,191,315,190,315,190,316,190,329,188,329,188,329,188,342,186,342,186,342,186,351,184,351,184,352,184,359,182,359,182,359,182,374,180,374,180,375,180,376,159,376,159,375,158,374,157,374
176,83,178,83,178,86,178,87,188,87,188,88,188,89,193,89,193,145,194,145,195,145,195,196,196,196,197,196,197,207,192,207,192,206,191,205,188,205,188,206,188,207,184,207,184,206,184,205,182,205,182,189,184,189,184,188,184,176,184,175,182,175,182,142,182,141,180,141,180,96,180,96,178,96,178,96,178,98,176,98
192,367,193,367,194,366,194,348,195,348,196,348,196,337,197,337,198,336,198,327,199,327,200,327,200,320,201,320,202,319,202,306,203,306,204,306,204,285,205,285,206,285,206,149,209,149,209,151,209,151,219,151,219,151,219,149,224,149,224,151,225,151,226,151,226,175,227,176,228,176,228,200,229,200,230,200,230,215,231,215,232,215,232,221,231,221,230,221,230,243,229,243,228,244,228,268,227,268,226,268,226,291,225,291,224,291,224,312,223,312,223,312,223,327,221,327,221,327,221,342,219,342,219,342,219,355,217,355,217,356,217,387,215,387,215,388,215,393,213,393,213,393,213,395,192,395
