33,69,35,69,36,69,36,45,52,45,52,47,50,47,50,48,50,105,36,105,36,103,35,102,33,102
50,93,52,93,53,93,53,88,54,88,55,88,55,84,57,84,57,83,57,64,57,64,55,64,55,55,54,54,53,54,53,50,54,50,55,49,55,48,57,48,57,49,57,50,59,50,59,52,60,52,62,52,62,59,62,60,64,60,64,83,62,83,62,84,62,90,60,90,59,91,59,95,57,95,57,96,57,97,50,97
50,379,52,379,53,379,53,377,57,377,57,379,57,379,66,379,66,384,65,384,64,384,64,393,65,394,66,394,66,398,65,398,64,399,64,400,65,401,66,401,66,403,65,403,64,403,64,405,65,406,66,406,66,432,67,432,69,432,69,446,57,446,57,444,57,444,55,444,55,437,54,436,53,436,53,391,52,391,50,391
57,213,64,213,64,215,65,216,69,216,69,218,69,218,71,218,71,290,72,290,74,290,74,309,74,310,76,310,76,323,77,324,79,324,79,340,77,340,76,341,76,343,67,343,67,341,66,340,65,340,65,331,64,331,62,331,62,317,62,316,60,316,60,302,59,302,57,302
67,396,76,396,76,408,77,408,79,408,79,427,77,427,76,427,76,429,69,429,69,423,69,422,67,422
74,384,86,384,86,422,86,423,88,423,88,424,86,424,86,425,86,429,86,430,91,430,91,432,89,432,88,432,88,441,77,441,77,439,79,439,79,439,79,430,79,429,77,429,77,427,79,427,79,427,79,408,79,408,77,408,77,391,76,391,74,391
77,230,86,230,86,230,86,228,93,228,93,275,94,276,95,276,95,314,96,314,98,314,98,328,94,328,93,329,93,331,91,331,91,329,91,328,89,328,88,329,88,331,84,331,84,324,83,323,82,323,82,288,81,287,79,287,79,252,79,251,77,251
86,399,95,399,95,415,96,415,98,415,98,429,96,429,95,430,95,432,91,432,91,430,91,429,89,429,89,411,88,410,86,410
96,389,100,389,101,388,101,387,105,387,105,429,106,430,107,430,107,439,98,439,98,432,98,432,96,432,96,430,98,430,98,429,98,415,98,415,96,415
96,247,105,247,105,275,106,276,107,276,107,304,101,304,101,302,100,302,98,302,98,271,98,271,96,271
108,233,117,233,117,254,118,254,120,254,120,290,120,290,122,290,122,321,115,321,115,314,115,314,113,314,113,293,112,292,110,292,110,242,110,242,108,242
142,21,144,21,144,23,144,24,153,24,153,25,154,26,156,26,156,57,156,57,158,57,158,61,159,62,161,62,161,85,159,85,158,86,158,90,159,91,161,91,161,117,161,117,163,117,163,124,161,124,161,125,161,143,161,144,163,144,163,148,161,148,161,149,161,150,154,150,153,151,153,153,151,153,151,151,151,150,149,150,149,110,148,109,147,109,147,64,146,64,144,64,144,45,144,45,142,45
144,334,163,334,163,357,164,358,165,358,165,412,166,413,168,413,168,472,154,472,154,425,153,424,151,424,151,375,151,374,149,374,149,350,148,350,147,350,147,341,146,340,144,340
154,24,156,24,156,23,156,19,170,19,170,45,171,45,173,45,173,93,173,93,175,93,175,153,176,153,177,153,177,155,166,155,166,153,165,153,164,153,164,151,163,150,161,150,161,149,163,149,164,148,164,117,163,117,161,117,161,62,161,61,159,61,159,28,158,28,156,28,156,26,156,25,154,25
168,341,170,341,171,340,171,338,180,338,180,338,180,336,192,336,192,362,193,362,194,362,194,391,195,391,197,391,197,398,195,398,194,399,194,400,193,400,192,401,192,403,188,403,187,403,187,405,183,405,182,406,182,408,180,408,180,408,180,410,173,410,173,389,173,388,171,388,171,355,170,355,168,355
197,237,214,237,214,302,214,302,216,302,216,314,200,314,200,312,199,311,197,311
219,266,221,266,221,268,221,269,228,269,228,292,229,293,230,293,230,297,221,297,221,286,221,285,219,285
231,262,240,262,240,263,241,264,243,264,243,266,241,266,240,266,240,273,241,274,243,274,243,302,241,302,241,300,240,299,234,299,234,278,233,278,231,278
229,379,230,379,231,379,231,377,255,377,255,381,253,381,252,382,252,398,253,399,255,399,255,420,253,420,252,420,252,432,250,432,250,432,250,441,248,441,247,442,247,444,234,444,234,437,233,436,231,436,231,418,230,417,229,417
243,240,247,240,247,242,248,242,250,242,250,242,250,240,255,240,255,302,255,302,259,302,259,304,258,304,257,305,257,316,253,316,252,317,252,319,248,319,248,307,247,307,246,307,246,254,245,254,243,254
258,262,267,262,267,299,267,300,269,300,269,302,267,302,267,302,267,304,260,304,260,302,259,302,258,302
270,264,279,264,279,295,279,295,281,295,281,299,272,299,272,295,272,295,270,295
318,264,325,264,325,263,325,262,334,262,334,283,335,283,337,283,337,331,335,331,334,331,334,357,332,357,332,358,332,367,330,367,329,367,329,371,325,371,325,370,325,369,320,369,320,370,320,371,318,371
320,408,322,408,323,408,323,389,325,389,325,388,325,377,327,377,328,376,328,372,329,372,330,371,330,367,332,367,332,367,332,358,334,358,335,357,335,331,337,331,337,331,337,283,337,283,335,283,335,262,354,262,354,429,328,429,328,427,327,427,320,427
