27,354,45,354,45,356,43,356,43,357,43,396,43,397,45,397,45,410,43,410,43,410,43,412,41,412,41,410,40,410,27,410
27,87,40,87,41,86,41,84,43,84,43,137,29,137,29,93,29,93,27,93
48,207,50,207,50,207,50,194,52,194,53,193,53,183,54,183,55,182,55,176,57,176,57,175,57,169,59,169,59,169,59,160,61,160,62,160,62,156,63,156,64,155,64,149,66,149,66,148,66,147,68,147,69,146,69,145,77,145,77,146,78,147,84,147,84,148,85,149,89,149,89,164,87,164,87,165,87,173,85,173,84,174,84,182,83,182,82,183,82,191,80,191,80,191,80,198,78,198,77,198,77,211,76,211,75,212,75,229,73,229,73,229,73,258,73,258,75,258,75,282,76,283,77,283,77,294,78,294,80,294,80,305,80,305,82,305,82,311,83,312,84,312,84,318,85,319,87,319,87,325,87,325,89,325,89,334,89,334,91,334,91,338,89,338,89,339,89,340,87,340,87,341,87,343,80,343,80,343,80,345,76,345,75,345,75,347,71,347,70,348,70,349,69,349,69,348,68,347,66,347,66,341,66,340,64,340,64,337,63,336,62,336,62,330,61,329,59,329,59,323,59,323,57,323,57,316,57,316,55,316,55,308,54,307,53,307,53,296,52,296,50,296,50,276,50,276,48,276
62,17,63,17,64,17,64,11,89,11,89,10,89,8,128,8,128,10,129,11,144,11,144,21,64,21,64,20,63,19,62,19
62,33,142,33,142,35,142,35,144,35,144,39,142,39,142,40,142,48,64,48,64,46,63,46,62,46
64,453,68,453,69,452,69,450,73,450,73,452,73,453,75,453,76,452,76,450,123,450,123,452,124,453,126,453,126,452,126,450,128,450,128,452,129,453,147,453,147,457,142,457,142,457,142,459,126,459,126,459,126,461,103,461,103,462,103,463,83,463,83,462,82,461,73,461,73,462,73,463,66,463,66,462,66,461,64,461
64,470,66,470,66,470,66,464,103,464,103,463,103,462,105,462,105,463,106,464,114,464,115,463,115,462,117,462,117,463,117,464,128,464,129,463,129,462,153,462,153,463,154,464,167,464,168,463,168,462,174,462,174,463,175,464,183,464,184,463,184,462,197,462,197,463,198,464,253,464,253,463,253,462,255,462,255,463,255,464,257,464,257,465,255,465,255,466,255,472,230,472,230,473,230,474,221,474,221,473,220,472,214,472,213,473,213,474,196,474,196,473,195,472,191,472,190,473,190,474,184,474,184,473,183,472,182,472,181,473,181,474,159,474,159,473,158,472,147,472,147,470,147,470,140,470,140,470,140,472,122,472,121,473,121,474,115,474,115,473,114,472,103,472,103,473,103,474,99,474,99,473,98,472,92,472,91,473,91,474,66,474,66,473,66,472,64,472
62,479,63,479,64,479,64,475,255,475,255,477,255,477,257,477,257,486,253,486,253,486,253,488,249,488,249,486,248,486,246,486,246,486,246,488,237,488,237,486,236,486,64,486,64,484,63,483,62,483
154,11,165,11,165,12,166,13,177,13,177,12,177,11,246,11,246,12,246,13,253,13,253,12,253,11,264,11,264,12,265,13,352,13,352,12,352,11,354,11,354,12,355,13,356,13,356,21,334,21,334,20,333,19,302,19,301,20,301,21,297,21,297,20,296,19,251,19,250,20,250,21,246,21,246,20,246,19,209,19,209,20,209,21,205,21,205,20,204,19,154,19
154,31,156,31,156,30,156,29,172,29,172,30,172,31,179,31,179,30,179,29,190,29,190,30,191,31,213,31,214,30,214,29,239,29,239,30,239,31,296,31,297,30,297,29,301,29,301,30,302,31,354,31,354,35,355,35,356,35,356,37,355,37,354,37,354,39,318,39,318,37,317,37,313,37,313,37,313,39,306,39,306,37,306,37,299,37,299,37,299,39,276,39,276,37,276,37,269,37,269,37,269,39,235,39,235,37,234,37,223,37,223,37,223,39,191,39,191,37,190,37,184,37,183,37,183,39,177,39,177,37,177,37,175,37,174,37,174,39,154,39
159,22,160,22,161,21,161,20,172,20,172,21,172,22,193,22,193,21,193,20,195,20,195,21,196,22,197,22,198,21,198,20,204,20,204,21,205,22,250,22,251,21,251,20,253,20,253,21,253,22,257,22,258,21,258,20,271,20,271,21,272,22,273,22,274,21,274,20,276,20,276,21,276,22,280,22,281,21,281,20,290,20,290,21,290,22,310,22,311,21,311,20,333,20,333,21,334,22,356,22,356,28,355,28,354,29,354,30,315,30,315,29,315,28,313,28,313,29,313,30,302,30,302,29,301,28,297,28,296,29,296,30,262,30,262,29,262,28,214,28,213,29,213,30,191,30,191,29,190,28,179,28,179,29,179,30,172,30,172,29,172,28,159,28
198,44,200,44,200,44,200,40,283,40,283,41,283,42,296,42,297,41,297,40,352,40,352,41,352,42,354,42,354,44,355,44,356,44,356,46,355,46,354,46,354,48,318,48,318,46,317,46,304,46,303,46,303,48,295,48,295,44,294,44,283,44,283,44,283,46,198,46
207,131,209,131,209,131,209,125,211,125,212,124,212,122,223,122,223,122,223,120,248,120,248,122,249,122,257,122,257,133,255,133,255,133,255,189,255,189,257,189,257,211,255,211,255,212,255,285,255,285,257,285,257,318,255,318,255,319,255,352,253,352,253,352,253,369,251,369,250,370,250,372,244,372,244,370,243,369,226,369,226,368,225,367,216,367,216,366,216,365,212,365,212,316,213,316,214,316,214,256,213,256,212,256,212,234,211,233,209,233,209,171,209,171,207,171
260,214,262,214,262,213,262,200,264,200,265,200,265,189,266,189,267,189,267,180,269,180,269,180,269,174,271,174,272,173,272,165,280,165,280,166,281,167,283,167,283,169,283,169,290,169,290,171,288,171,287,171,287,178,285,178,285,178,285,186,283,186,283,187,283,195,281,195,280,196,280,211,279,211,278,212,278,271,279,272,280,272,280,287,281,287,283,287,283,298,283,299,285,299,285,307,285,308,287,308,287,314,288,314,290,314,290,318,285,318,285,319,285,320,279,320,278,321,278,323,274,323,274,319,273,318,272,318,272,312,271,311,269,311,269,305,269,305,267,305,267,296,266,296,265,296,265,285,264,285,262,285,262,267,262,267,260,267
285,444,287,444,288,443,288,441,303,441,303,443,304,444,306,444,306,443,306,441,308,441,308,443,309,444,324,444,325,443,325,441,333,441,333,443,334,444,347,444,347,445,348,446,356,446,357,445,357,444,363,444,363,450,350,450,349,450,349,452,288,452,288,450,287,450,285,450
311,87,313,87,313,86,313,84,315,84,315,86,315,87,329,87,329,135,327,135,326,136,326,137,311,137
325,348,329,348,329,347,329,345,343,345,343,356,343,357,345,357,345,363,343,363,343,363,343,369,343,370,345,370,345,410,343,410,343,410,343,412,329,412,329,392,329,392,327,392,327,377,326,376,325,376
327,136,329,136,329,135,329,87,331,87,332,86,332,84,343,84,343,99,343,100,345,100,345,124,343,124,343,125,343,140,327,140
