62,228,64,228,65,227,65,225,67,225,68,224,68,221,71,221,71,221,71,218,80,218,81,217,81,215,102,215,102,217,103,218,105,218,105,227,90,227,89,228,89,230,75,230,74,231,74,233,65,233,65,231,64,230,62,230
65,268,67,268,68,267,68,265,77,265,77,267,78,268,83,268,83,271,84,271,99,271,99,274,100,275,102,275,102,277,103,278,105,278,105,283,87,283,87,281,86,280,78,280,78,278,77,277,71,277,71,275,71,274,65,274
121,231,124,231,125,230,125,228,130,228,130,230,131,231,133,231,133,236,134,237,136,237,136,261,134,261,133,262,133,271,125,271,125,259,127,259,128,258,128,246,127,246,125,246,125,237,124,236,121,236
162,118,164,118,165,117,165,115,186,115,186,386,184,386,183,387,183,389,165,389,165,362,164,361,162,361,162,225,164,225,165,224,165,121,164,121,162,121
200,93,217,93,217,96,218,96,221,96,221,105,218,105,217,106,217,108,218,109,221,109,221,408,203,408,203,406,202,405,200,405,200,259,202,259,203,258,203,137,202,136,200,136
225,296,227,296,228,296,228,178,230,178,230,180,231,181,236,181,237,180,237,178,242,178,242,180,243,181,246,181,246,292,243,292,242,293,242,321,228,321,228,318,227,317,225,317
256,365,258,365,259,364,259,125,267,125,267,127,268,128,271,128,271,127,271,125,277,125,277,136,278,137,280,137,280,214,278,214,277,215,277,239,278,240,280,240,280,242,278,242,277,243,277,377,259,377,259,375,258,374,256,374
281,115,283,115,284,114,284,112,299,112,299,114,300,115,302,115,302,336,300,336,299,337,299,371,300,371,302,371,302,386,300,386,299,387,299,389,281,389,281,293,283,293,284,292,284,275,283,274,281,274,281,240,283,240,284,239,284,196,283,196,281,196,281,190,283,190,284,189,284,184,283,183,281,183
303,87,305,87,306,86,306,84,311,84,311,86,312,87,321,87,321,86,321,84,327,84,327,124,328,125,330,125,330,152,328,152,327,153,327,258,328,259,330,259,330,261,328,261,327,262,327,264,328,265,330,265,330,283,328,283,327,284,327,417,325,417,324,418,324,421,306,421,306,328,308,328,309,327,309,181,308,180,306,180,306,96,305,96,303,96
340,131,352,131,352,133,353,134,361,134,361,171,359,171,358,171,358,186,359,187,361,187,361,236,359,236,358,237,358,242,359,243,361,243,361,252,359,252,358,253,358,339,359,340,361,340,361,377,353,377,352,378,352,380,350,380,350,378,349,377,343,377,343,371,342,371,340,371
365,181,367,181,368,180,368,178,377,178,377,180,378,181,386,181,386,183,384,183,383,184,383,214,384,215,386,215,386,217,384,217,383,218,383,227,384,228,386,228,386,255,384,255,383,256,383,296,384,296,386,296,386,321,375,321,374,321,374,324,368,324,368,321,367,321,365,321,365,231,367,231,368,230,368,215,367,214,365,214
390,253,392,253,393,252,393,184,411,184,411,317,406,317,406,315,405,314,393,314,393,293,392,292,390,292,390,271,392,271,393,271,393,262,392,261,390,261
418,218,439,218,439,283,437,283,436,284,436,286,428,286,428,284,427,283,418,283
