67,358,76,358,76,360,77,361,79,361,79,365,79,365,81,365,81,369,82,370,83,370,83,376,79,376,79,377,79,379,75,379,75,372,74,372,72,372,72,368,72,367,70,367,70,365,69,365,67,365
79,351,86,351,86,353,86,354,95,354,95,358,96,358,97,358,97,365,98,365,100,365,100,372,100,372,102,372,102,379,103,379,104,379,104,383,105,384,107,384,107,390,107,391,109,391,109,395,110,395,111,395,111,402,112,402,114,402,114,411,112,411,112,409,111,409,107,409,107,407,107,406,103,406,103,405,102,404,100,404,100,400,100,399,98,399,98,395,97,395,96,395,96,391,95,390,93,390,93,384,93,383,91,383,91,379,90,379,89,379,89,375,88,374,86,374,86,368,86,367,84,367,84,363,83,362,82,362,82,358,81,358,79,358
112,388,123,388,123,395,124,395,125,395,125,402,126,402,128,402,128,409,119,409,119,407,118,406,117,406,117,400,116,399,114,399,114,395,114,395,112,395
140,233,142,233,142,233,142,229,144,229,145,228,145,224,147,224,147,223,147,219,149,219,150,219,150,217,151,217,152,217,152,215,156,215,156,217,157,217,158,217,158,219,159,219,161,219,161,221,161,222,163,222,163,223,164,224,165,224,165,226,166,226,170,226,170,233,168,233,168,233,168,235,166,235,165,236,165,240,164,240,163,240,163,263,164,263,165,263,165,270,166,270,168,270,168,272,168,273,170,273,170,277,171,277,172,277,172,279,173,280,175,280,175,281,175,282,177,282,177,284,178,284,179,284,179,286,180,287,182,287,182,288,182,289,186,289,186,291,187,291,189,291,189,293,189,293,191,293,191,300,189,300,189,300,189,302,187,302,186,303,186,304,185,304,184,305,184,307,180,307,180,305,179,304,178,304,178,303,177,302,175,302,175,300,175,300,171,300,171,298,170,298,168,298,168,296,168,295,166,295,166,293,165,293,161,293,161,291,161,291,159,291,159,289,158,288,157,288,157,287,156,286,154,286,154,282,154,281,152,281,152,280,151,279,150,279,150,275,149,274,147,274,147,270,147,270,145,270,145,266,144,265,142,265,142,259,142,258,140,258
199,254,208,254,208,256,208,256,210,256,210,265,210,266,212,266,212,279,203,279,203,277,203,277,201,277,201,266,200,265,199,265
208,250,219,250,219,251,220,252,222,252,222,260,222,261,224,261,224,277,225,277,226,277,226,284,215,284,215,282,215,281,213,281,213,266,212,265,210,265,210,256,210,256,208,256
208,215,210,215,210,214,210,210,212,210,213,210,213,203,217,203,217,203,217,201,222,201,222,203,222,203,226,203,226,205,227,206,231,206,231,207,232,208,236,208,236,210,236,210,240,210,240,212,241,212,245,212,245,214,246,215,250,215,250,217,250,217,254,217,254,219,255,219,259,219,259,221,260,222,261,222,261,223,262,224,264,224,264,226,264,226,266,226,266,228,267,229,268,229,268,230,269,231,271,231,271,233,271,233,275,233,275,235,276,236,278,236,278,240,278,240,280,240,280,242,281,243,283,243,283,249,283,250,285,250,285,254,285,254,287,254,287,263,288,263,290,263,290,277,288,277,287,277,287,288,285,288,285,289,285,293,283,293,283,293,283,298,281,298,280,298,280,300,278,300,278,300,278,302,276,302,275,303,275,304,274,304,273,305,273,307,271,307,271,307,271,309,267,309,266,310,266,311,262,311,261,312,261,314,260,314,259,314,259,316,253,316,252,317,252,318,239,318,239,317,238,316,236,316,236,312,236,311,234,311,234,310,233,309,232,309,232,303,238,303,239,302,239,300,245,300,246,300,246,298,250,298,250,298,250,296,252,296,253,295,253,293,254,293,255,293,255,291,257,291,257,291,257,287,259,287,260,286,260,282,261,282,262,281,262,263,261,263,260,263,260,256,259,256,257,256,257,252,257,251,255,251,255,250,254,249,253,249,253,247,252,247,250,247,250,245,250,244,248,244,248,243,247,242,243,242,243,240,243,240,241,240,241,238,240,237,236,237,236,236,236,235,232,235,232,233,231,233,225,233,225,231,224,230,217,230,217,229,217,228,215,228,215,226,215,226,210,226,210,222,210,221,208,221
236,152,238,152,239,152,239,145,240,145,240,147,241,148,243,148,243,149,243,150,250,150,250,154,250,155,252,155,252,168,253,168,254,168,254,184,255,185,257,185,257,203,250,203,250,203,250,205,246,205,246,203,245,203,243,203,243,201,243,200,241,200,241,185,240,184,239,184,239,171,238,170,236,170
253,145,261,145,262,145,262,143,264,143,264,145,264,145,271,145,271,147,271,148,273,148,273,166,274,166,275,166,275,182,276,182,278,182,278,205,278,206,280,206,280,219,281,219,283,219,283,221,281,221,280,222,280,223,271,223,271,222,271,221,269,221,269,219,268,219,267,219,267,217,266,217,264,217,264,215,264,214,262,214,262,201,261,200,260,200,260,185,259,184,257,184,257,168,257,168,255,168,255,152,254,152,253,152
302,108,308,108,309,108,309,106,311,106,311,117,311,118,313,118,313,142,311,142,311,143,311,145,307,145,307,143,306,142,304,142,304,122,304,122,302,122
304,481,306,481,307,480,307,462,308,462,309,462,309,442,311,442,311,441,311,437,320,437,320,453,318,453,318,453,318,483,316,483,315,483,315,485,307,485,307,483,306,483,304,483
309,381,311,381,311,381,311,379,315,379,315,381,316,381,325,381,325,385,323,385,322,386,322,392,323,393,325,393,325,413,325,414,327,414,327,416,323,416,322,416,322,418,316,418,316,416,315,416,314,416,314,414,313,413,311,413,311,388,311,388,309,388
360,442,369,442,369,443,370,444,372,444,372,448,370,448,369,449,369,476,367,476,367,476,367,478,365,478,365,479,365,480,360,480
