23,145,45,145,45,354,25,354,25,260,24,259,23,259,23,250,24,250,25,249,25,172,24,171,23,171
28,22,30,22,30,21,30,15,226,15,226,16,227,17,229,17,229,19,230,20,231,20,231,24,230,24,229,25,229,29,33,29,32,30,32,31,30,31,30,27,30,26,28,26
30,32,32,32,33,31,33,30,295,30,295,34,293,34,293,35,293,36,291,36,290,37,290,39,286,39,285,40,285,44,227,44,227,42,226,41,222,41,221,42,221,44,30,44
28,45,221,45,222,44,222,42,226,42,226,44,227,45,285,45,286,44,286,42,300,42,300,44,301,45,303,45,303,59,291,59,290,60,290,61,265,61,265,62,265,64,265,65,267,65,267,69,263,69,263,67,262,66,227,66,227,62,226,61,224,61,224,62,224,66,209,66,209,62,208,61,189,61,189,60,188,59,30,59,30,52,30,51,28,51
92,412,93,412,94,411,94,402,96,402,97,401,97,387,99,387,99,386,99,375,101,375,102,374,102,360,104,360,104,359,104,342,106,342,107,341,107,325,109,325,109,324,109,317,111,317,112,316,112,310,114,310,115,309,115,300,116,300,117,299,117,292,119,292,120,291,120,285,122,285,122,284,122,280,124,280,125,279,125,275,127,275,127,274,127,267,129,267,130,266,130,262,132,262,132,261,132,257,134,257,135,256,135,252,137,252,138,251,138,247,139,247,140,246,140,242,142,242,143,241,143,237,145,237,145,236,145,232,147,232,148,231,148,225,150,225,150,224,150,220,152,220,153,219,153,215,155,215,155,214,155,210,157,210,158,209,158,202,160,202,161,201,161,197,162,197,163,196,163,187,165,187,166,186,166,180,168,180,168,179,168,170,170,170,171,169,171,152,173,152,173,151,173,132,175,132,176,131,176,112,178,112,178,111,178,75,180,75,181,74,181,70,185,70,186,69,186,67,206,67,207,66,207,65,208,65,208,66,209,67,224,67,224,66,224,65,226,65,226,66,227,67,262,67,262,69,263,70,270,70,270,74,270,75,272,75,272,104,270,104,270,105,270,111,268,111,267,112,267,114,265,114,265,115,265,119,263,119,262,120,262,121,260,121,260,122,260,124,258,124,257,125,257,129,255,129,254,130,254,131,253,131,252,132,252,139,250,139,249,140,249,144,247,144,247,145,247,149,245,149,244,150,244,156,242,156,242,157,242,164,240,164,239,165,239,171,237,171,237,172,237,179,235,179,234,180,234,186,232,186,231,187,231,191,230,191,229,192,229,199,227,199,226,200,226,206,224,206,224,207,224,211,222,211,221,212,221,216,219,216,219,217,219,224,217,224,216,225,216,229,214,229,214,230,214,236,212,236,211,237,211,244,209,244,208,245,208,249,207,249,206,250,206,254,204,254,203,255,203,259,201,259,201,260,201,266,199,266,198,267,198,271,196,271,196,272,196,276,194,276,193,277,193,281,191,281,191,282,191,289,189,289,188,290,188,296,186,296,185,297,185,301,184,301,183,302,183,309,181,309,180,310,180,316,178,316,178,317,178,324,176,324,175,325,175,331,173,331,173,332,173,339,171,339,170,340,170,346,168,346,168,347,168,356,166,356,165,357,165,369,163,369,162,370,162,386,161,386,160,387,160,409,158,409,157,410,157,421,155,421,155,422,155,426,150,426,150,425,150,424,104,424,104,422,104,421,102,421,101,422,101,424,97,424,97,422,96,421,94,421,94,420,93,419,92,419
163,400,165,400,166,399,166,370,168,370,168,369,168,360,170,360,171,359,171,355,173,355,173,354,173,347,175,347,176,346,176,340,178,340,178,339,178,332,180,332,181,331,181,322,183,322,184,321,184,315,185,315,186,314,186,307,188,307,189,306,189,300,191,300,191,299,191,295,193,295,194,294,194,290,196,290,196,289,196,285,198,285,199,284,199,280,201,280,201,279,201,275,203,275,204,274,204,270,206,270,207,269,207,265,208,265,209,264,209,260,211,260,212,259,212,252,214,252,214,251,214,247,216,247,217,246,217,242,219,242,219,241,219,237,221,237,222,236,222,230,224,230,224,229,224,222,226,222,227,221,227,217,229,217,230,216,230,210,231,210,232,209,232,205,234,205,235,204,235,197,237,197,237,196,237,190,239,190,240,189,240,180,242,180,242,179,242,170,244,170,245,169,245,157,247,157,247,156,247,155,252,155,252,156,253,157,275,157,275,159,273,159,272,160,272,169,270,169,270,170,270,179,268,179,267,180,267,184,265,184,265,185,265,194,263,194,262,195,262,199,260,199,260,200,260,206,258,206,257,207,257,211,255,211,254,212,254,219,253,219,252,220,252,224,250,224,249,225,249,229,247,229,247,230,247,236,245,236,244,237,244,241,242,241,242,242,242,246,240,246,239,247,239,251,237,251,237,252,237,256,235,256,234,257,234,264,232,264,231,265,231,269,230,269,229,270,229,274,227,274,226,275,226,281,224,281,224,282,224,286,222,286,221,287,221,294,219,294,219,295,219,301,217,301,216,302,216,306,214,306,214,307,214,311,212,311,211,312,211,319,209,319,208,320,208,324,207,324,206,325,206,331,204,331,203,332,203,341,201,341,201,342,201,351,199,351,198,352,198,361,196,361,196,362,196,369,194,369,193,370,193,384,191,384,191,385,191,406,163,406
304,32,306,32,306,31,306,27,313,27,313,29,314,30,352,30,352,29,352,27,367,27,367,34,365,34,364,35,364,44,304,44
311,25,313,25,314,24,314,15,352,15,352,14,352,12,354,12,354,16,355,17,357,17,357,26,352,26,352,27,352,29,314,29,314,27,313,26,311,26
337,105,359,105,359,121,357,121,357,122,357,214,342,214,342,190,341,189,339,189,339,122,339,121,337,121
339,280,357,280,357,371,357,372,359,372,359,391,357,391,357,392,357,399,355,399,355,392,354,391,352,391,352,392,352,394,350,394,349,395,349,399,347,399,347,395,347,394,345,394,345,392,344,391,342,391,342,382,341,381,339,381
368,15,377,15,378,14,378,12,385,12,385,14,385,15,387,15,387,24,368,24
368,315,387,315,387,411,385,411,385,412,385,414,383,414,383,412,382,411,368,411
368,82,375,82,375,84,375,85,385,85,385,84,385,82,387,82,387,186,385,186,385,185,385,184,373,184,373,182,372,181,368,181,368,157,370,157,370,156,370,105,370,104,368,104
