21,226,25,226,25,228,25,228,27,228,27,257,25,257,25,257,25,259,21,259
31,207,33,207,33,206,33,189,35,189,35,188,35,175,37,175,37,175,37,166,39,166,39,165,39,156,41,156,41,155,41,148,43,148,43,147,43,138,45,138,45,138,45,132,51,132,51,134,51,134,61,134,61,134,61,132,80,132,80,140,79,140,79,140,79,145,77,145,77,146,77,153,75,153,75,154,75,159,73,159,73,160,73,169,71,169,71,169,71,188,69,188,69,189,69,204,67,204,67,205,67,222,65,222,65,222,65,255,65,255,67,255,67,276,67,277,69,277,69,286,69,287,71,287,71,296,71,296,73,296,73,312,73,312,75,312,75,329,75,330,77,330,77,341,77,341,79,341,79,349,73,349,73,349,73,351,71,351,71,349,71,349,69,349,69,349,69,351,67,351,67,349,67,349,55,349,55,349,55,351,45,351,45,349,45,349,43,349,43,339,43,339,41,339,41,332,41,331,39,331,39,324,39,323,37,323,37,314,37,313,35,313,35,300,35,300,33,300,33,275,33,274,31,274
41,58,43,58,43,58,43,50,55,50,55,50,55,48,57,48,57,50,57,50,82,50,83,50,83,48,86,48,86,50,87,50,104,50,104,52,105,52,106,52,106,56,107,56,108,56,108,58,107,58,106,58,106,60,101,60,101,58,100,58,99,58,98,58,98,60,41,60
47,39,49,39,49,38,49,37,51,37,51,38,51,39,57,39,57,40,57,41,65,41,65,40,65,39,104,39,105,38,105,37,108,37,108,38,109,39,156,39,157,38,157,37,162,37,162,38,162,39,164,39,164,38,164,37,170,37,170,38,170,39,194,39,194,38,194,37,198,37,198,38,198,39,220,39,220,38,220,37,222,37,222,38,222,39,239,39,240,38,240,37,243,37,243,38,244,39,271,39,272,38,272,37,273,37,273,38,274,39,275,39,275,44,276,44,277,44,277,46,276,46,275,46,275,48,103,48,103,46,102,46,99,46,98,46,98,50,91,50,91,48,90,48,81,48,80,48,80,50,73,50,73,48,73,48,65,48,65,44,69,44,69,44,69,42,69,42,59,42,59,42,59,44,59,44,61,44,61,46,57,46,57,46,57,48,55,48,55,48,55,50,49,50,49,48,49,48,47,48,47,44,51,44,51,44,51,42,51,42,47,42
45,427,47,427,47,427,47,423,51,423,51,423,51,421,59,421,59,423,59,423,61,423,61,423,61,421,63,421,63,423,63,423,96,423,96,425,97,425,98,425,98,427,95,427,94,427,94,429,91,429,90,429,90,431,67,431,67,431,67,435,67,435,94,435,95,435,95,433,110,433,110,435,111,435,116,435,116,437,117,437,118,437,118,440,117,440,116,441,116,442,109,442,108,443,108,444,101,444,101,443,100,442,47,442,47,439,47,438,45,438
51,29,53,29,53,28,53,27,65,27,65,28,65,29,73,29,73,28,73,27,84,27,84,28,85,29,122,29,123,28,123,27,168,27,168,28,168,29,194,29,194,28,194,27,200,27,200,28,200,29,210,29,210,28,210,27,212,27,212,28,212,29,222,29,222,28,222,27,234,27,234,26,234,25,238,25,238,26,238,27,273,27,273,32,272,32,271,33,271,38,244,38,244,37,243,36,240,36,239,37,239,38,222,38,222,37,222,36,220,36,220,37,220,38,198,38,198,37,198,36,194,36,194,37,194,38,170,38,170,37,170,36,164,36,164,37,164,38,162,38,162,37,162,36,157,36,156,37,156,38,109,38,109,37,108,36,105,36,104,37,104,38,51,38
49,462,51,462,51,462,51,458,53,458,53,460,53,460,57,460,57,460,57,458,84,458,84,460,85,460,90,460,90,462,91,462,92,462,92,464,93,464,96,464,96,466,97,466,100,466,100,468,101,468,104,468,104,470,101,470,100,470,100,472,81,472,81,470,80,470,49,470
51,449,53,449,53,448,53,447,75,447,75,446,75,445,79,445,79,446,79,447,130,447,130,485,111,485,110,486,110,487,109,487,109,474,108,474,107,474,107,470,106,470,105,470,105,468,106,468,107,468,107,464,108,464,109,464,109,460,108,460,107,460,107,458,106,458,103,458,102,458,102,460,85,460,85,458,84,458,57,458,57,458,57,460,53,460,53,458,53,458,51,458
59,19,63,19,63,19,63,17,116,17,116,19,117,19,118,19,118,20,117,20,116,21,116,22,117,23,124,23,125,22,125,21,128,21,129,20,129,19,148,19,149,19,149,17,190,17,190,19,190,19,192,19,192,19,192,17,208,17,208,17,208,15,220,15,220,17,220,17,245,17,245,22,238,22,238,21,238,20,232,20,232,21,232,24,226,24,226,25,226,26,216,26,216,25,216,24,210,24,210,25,210,28,200,28,200,27,200,26,194,26,194,27,194,28,176,28,176,27,176,26,172,26,172,27,172,28,168,28,168,27,168,26,155,26,155,25,154,24,153,24,152,25,152,26,135,26,135,25,134,24,131,24,130,25,130,26,129,26,129,25,128,24,109,24,108,25,108,26,105,26,105,25,104,24,101,24,100,25,100,26,93,26,92,27,92,28,85,28,85,27,84,26,73,26,73,27,73,28,65,28,65,27,65,26,59,26
61,474,63,474,63,474,63,472,86,472,86,474,87,474,94,474,95,474,95,472,100,472,101,472,101,470,106,470,106,474,107,474,108,474,108,485,105,485,105,484,104,483,61,483
65,222,69,222,69,222,69,207,71,207,71,206,71,197,73,197,73,196,73,189,82,189,82,190,83,191,84,191,84,200,83,200,82,201,82,212,81,212,80,212,80,267,81,267,82,267,82,282,83,283,84,283,84,288,81,288,80,289,80,290,73,290,73,289,73,288,71,288,71,287,71,286,69,286,69,277,69,276,67,276,67,267,69,267,69,267,69,261,69,261,67,261,67,255,67,255,65,255
93,304,94,304,95,304,95,294,96,294,97,294,97,279,98,279,99,278,99,271,100,271,101,270,101,265,102,265,103,265,103,250,102,249,101,249,101,242,100,241,99,241,99,240,100,240,101,239,101,216,102,216,103,216,103,193,104,193,105,192,105,183,106,183,107,183,107,167,108,167,109,167,109,158,110,158,111,157,111,152,112,152,113,151,113,150,114,150,115,149,115,148,144,148,145,147,145,146,156,146,156,147,157,148,162,148,162,149,162,150,166,150,166,151,166,152,172,152,172,153,172,154,178,154,178,155,178,156,186,156,186,159,186,160,188,160,188,165,188,166,190,166,190,171,188,171,188,171,188,188,186,188,186,189,186,194,184,194,184,195,184,196,182,196,182,197,182,198,182,199,184,199,184,249,182,249,182,250,182,313,180,313,180,314,180,329,178,329,178,330,178,339,176,339,176,339,176,345,174,345,174,345,174,347,172,347,172,347,172,349,164,349,164,349,164,351,131,351,130,351,130,353,113,353,113,351,112,351,97,351,97,349,96,349,95,349,95,345,94,345,93,345
115,9,116,9,117,9,117,7,130,7,131,7,131,5,134,5,134,7,135,7,138,7,139,7,139,5,208,5,208,17,204,17,204,15,204,15,188,15,188,15,188,17,182,17,182,15,182,15,178,15,178,15,178,17,174,17,174,13,174,13,172,13,172,13,172,15,162,15,162,15,162,17,159,17,159,15,158,15,117,15,117,11,116,11,115,11
119,50,128,50,129,50,129,48,202,48,202,50,202,50,206,50,206,50,206,48,243,48,243,50,244,50,247,50,248,50,248,48,269,48,269,50,270,50,273,50,274,50,274,48,275,48,275,50,276,50,279,50,279,56,278,56,277,56,277,58,184,58,184,56,184,56,182,56,182,56,182,58,174,58,174,54,174,54,172,54,172,54,172,58,139,58,139,56,138,56,137,56,136,56,136,58,129,58,129,56,128,56,125,56,124,56,124,58,123,58,122,58,122,60,121,60,121,58,120,58,119,58
145,455,146,455,147,454,147,453,148,453,148,454,149,455,150,455,151,454,151,451,152,451,152,452,153,453,156,453,157,452,157,451,164,451,164,450,164,449,168,449,168,448,168,447,200,447,200,448,200,449,232,449,232,448,232,447,257,447,257,448,258,449,281,449,281,450,282,451,283,451,283,458,278,458,277,458,277,460,268,460,267,460,267,462,246,462,245,462,245,464,240,464,240,462,239,462,166,462,166,460,166,460,160,460,160,458,160,458,159,458,158,458,158,460,145,460
182,197,184,197,184,196,184,195,186,195,186,194,186,193,204,193,204,253,202,253,202,253,202,269,202,269,204,269,204,315,204,316,206,316,206,319,204,319,204,320,204,360,192,360,192,361,192,362,186,362,186,267,188,267,188,267,188,220,188,220,186,220,186,199,186,198,182,198
210,216,212,216,212,216,212,199,214,199,214,198,214,187,216,187,216,187,216,175,220,175,220,177,220,177,222,177,222,177,222,175,224,175,224,181,222,181,222,181,222,206,220,206,220,207,220,274,220,275,222,275,222,292,222,292,224,292,224,306,222,306,222,304,222,304,220,304,220,304,220,306,216,306,216,294,216,294,214,294,214,283,214,282,212,282,212,263,212,263,210,263
220,111,222,111,222,110,222,105,224,105,224,104,224,97,226,97,226,97,226,93,228,93,228,93,228,91,230,91,230,91,230,89,232,89,232,91,232,91,236,91,236,93,236,93,245,93,245,99,244,99,243,99,243,103,242,103,241,103,241,108,240,108,239,109,239,118,238,118,238,119,238,124,236,124,236,125,236,126,232,126,232,125,232,124,222,124,222,123,222,122,220,122
224,355,234,355,234,358,234,359,236,359,236,366,236,367,238,367,238,372,238,373,239,373,239,380,240,380,241,380,241,386,242,386,243,386,243,388,232,388,232,382,232,382,230,382,230,376,230,376,228,376,228,371,228,370,226,370,226,365,226,364,224,364
260,333,261,333,262,333,262,281,289,281,289,282,290,283,291,283,291,329,292,330,293,330,293,335,292,335,291,335,291,339,286,339,285,339,285,341,282,341,282,339,281,339,272,339,272,337,271,337,262,337,262,335,261,335,260,335
