31,203,32,203,33,203,33,181,34,181,35,180,35,171,36,171,37,170,37,161,38,161,39,160,39,153,40,153,41,152,41,147,43,147,43,146,43,139,45,139,45,138,45,133,47,133,47,132,47,129,49,129,49,128,49,122,51,122,51,122,51,120,53,120,53,120,53,116,55,116,56,116,56,112,57,112,58,112,58,108,59,108,60,108,60,104,61,104,62,104,62,102,63,102,64,102,64,98,65,98,66,98,66,94,67,94,68,94,68,90,70,90,70,90,70,88,72,88,72,88,72,86,74,86,74,86,74,84,78,84,78,86,78,86,80,86,80,88,80,88,84,88,84,90,85,90,88,90,88,92,89,92,90,92,90,94,91,94,94,94,94,102,93,102,92,102,92,108,91,108,90,108,90,114,89,114,88,114,88,118,87,118,86,118,86,122,85,122,84,122,84,128,83,128,82,129,82,134,80,134,80,135,80,140,78,140,78,141,78,148,76,148,76,149,76,156,74,156,74,157,74,168,72,168,72,169,72,182,70,182,70,183,70,235,70,235,72,235,72,249,72,250,74,250,74,259,74,260,76,260,76,269,76,270,78,270,78,279,78,280,80,280,80,285,80,286,82,286,82,291,83,292,84,292,84,295,85,296,86,296,86,303,87,304,88,304,88,307,87,307,86,308,86,309,76,309,76,310,76,311,72,311,72,312,72,314,68,314,67,314,67,316,64,316,63,316,63,318,60,318,59,318,59,320,51,320,51,318,51,318,49,318,49,314,49,314,47,314,47,308,47,307,45,307,45,304,45,303,43,303,43,298,43,297,41,297,41,292,40,291,39,291,39,280,38,279,37,279,37,272,36,271,35,271,35,262,34,261,33,261,33,247,32,247,31,247
143,90,144,90,145,90,145,88,148,88,148,90,149,90,153,90,153,106,143,106,143,102,144,102,145,102,145,100,144,100,143,100,143,94,144,94,145,94,145,92,144,92,143,92
153,116,155,116,155,116,155,74,157,74,157,74,157,72,163,72,163,120,161,120,161,120,161,122,155,122,155,120,155,120,153,120
174,84,188,84,188,110,186,110,186,110,186,116,186,116,188,116,188,120,186,120,186,120,186,144,180,144,180,145,180,146,174,146
178,379,180,379,180,378,180,354,190,354,190,362,188,362,188,362,188,396,186,396,186,397,186,400,186,401,190,401,190,402,188,402,188,403,188,404,178,404
190,366,192,366,192,366,192,358,200,358,200,380,199,380,198,381,198,402,190,402
192,84,204,84,204,86,205,86,206,86,206,98,205,98,204,98,204,142,192,142
203,358,204,358,205,358,205,356,211,356,211,370,209,370,209,370,209,374,209,375,211,375,211,376,209,376,209,377,209,406,203,406
203,288,217,288,217,334,205,334,205,326,204,326,203,326
209,94,223,94,223,96,224,96,225,96,225,130,209,130
211,227,215,227,215,229,215,229,221,229,221,275,211,275
219,288,221,288,222,287,222,286,231,286,231,336,222,336,222,334,221,334,219,334,219,332,221,332,222,332,222,330,221,330,219,330,219,322,221,322,222,322,222,298,221,297,219,297
224,278,225,278,226,277,226,223,227,223,227,225,228,225,233,225,233,281,226,281,226,280,225,279,224,279
234,300,236,300,236,299,236,298,240,298,240,299,240,300,244,300,244,299,244,298,246,298,246,299,246,300,248,300,248,301,246,301,246,302,246,324,236,324,236,304,236,303,234,303
251,127,260,127,260,128,261,129,263,129,263,182,263,183,265,183,265,191,263,191,263,191,263,193,263,193,265,193,265,305,261,305,261,304,260,303,257,303,256,304,256,305,253,305,253,209,252,209,251,209
