13,181,14,181,15,181,15,174,16,174,17,173,17,170,24,170,24,255,24,255,26,255,26,264,24,264,24,265,24,266,24,267,26,267,26,272,24,272,24,272,24,274,13,274,13,185,14,185,15,185,15,183,14,183,13,183
24,3,26,3,26,3,26,0,31,0,31,1,32,1,35,1,35,10,34,10,33,11,33,26,34,26,35,26,35,39,34,39,33,39,33,73,34,73,35,73,35,84,34,84,33,85,33,103,34,104,35,104,35,109,34,109,33,109,33,145,34,145,35,145,35,147,34,147,33,147,33,149,26,149,26,119,26,118,24,118,24,98,26,98,26,98,26,85,26,84,24,84,24,79,26,79,26,79,26,62,26,62,24,62
24,155,28,155,28,156,28,157,33,157,33,158,34,159,35,159,35,177,34,177,33,178,33,183,34,183,35,183,35,270,26,270,26,162,26,162,24,162
34,39,35,39,36,39,36,0,39,0,39,1,40,1,43,1,43,115,43,115,45,115,45,122,43,122,43,123,43,135,41,135,41,136,41,139,41,140,43,140,43,149,40,149,40,147,39,147,36,147,36,145,35,145,34,145,34,136,35,136,36,135,36,104,35,103,34,103,34,90,35,90,36,90,36,64,35,63,34,63,34,51,35,51,36,50,36,47,35,46,34,46
36,157,39,157,39,158,40,159,41,159,41,160,41,160,43,160,43,171,43,172,45,172,45,177,43,177,43,178,43,185,43,185,45,185,45,205,43,205,43,206,43,238,43,238,45,238,45,247,43,247,43,248,43,249,43,250,45,250,45,255,43,255,43,255,43,264,43,265,45,265,45,272,43,272,43,272,43,274,36,274
43,0,49,0,49,1,49,1,50,1,50,16,51,17,52,17,52,98,51,98,50,98,50,103,49,103,49,104,49,107,47,107,47,107,47,109,45,109,45,100,45,99,43,99,43,98,45,98,45,98,45,96,45,96,43,96,43,94,45,94,45,94,45,13,45,12,43,12
43,157,47,157,47,156,47,155,50,155,50,160,51,160,52,160,52,258,51,258,51,257,50,257,49,257,49,257,49,258,47,258,47,255,47,255,45,255,45,250,45,249,43,249,43,248,45,248,45,247,45,238,45,238,43,238,43,206,45,206,45,205,45,172,45,171,43,171
89,223,91,223,91,223,91,210,92,210,93,209,93,200,94,200,95,200,95,191,96,191,97,190,97,183,98,183,99,183,99,176,100,176,101,175,101,170,102,170,102,169,102,160,104,160,104,160,104,155,106,155,106,154,106,149,108,149,108,149,108,145,110,145,110,145,110,142,111,142,112,141,112,136,113,136,114,135,114,132,119,132,119,133,120,134,123,134,123,135,123,136,134,136,134,137,135,138,142,138,142,139,142,140,144,140,144,141,142,141,142,142,142,145,141,145,140,145,140,151,139,151,138,151,138,156,137,156,136,157,136,160,135,160,134,160,134,164,133,164,132,164,132,169,131,169,131,170,131,175,129,175,129,176,129,183,127,183,127,183,127,190,125,190,125,191,125,200,123,200,123,200,123,211,122,211,121,212,121,221,120,221,119,221,119,234,118,234,117,234,117,257,118,257,119,257,119,272,120,272,121,272,121,283,122,284,123,284,123,291,123,291,125,291,125,296,125,297,127,297,127,302,127,303,131,303,131,304,129,304,129,304,129,306,129,306,131,306,131,312,131,312,132,312,132,315,133,316,134,316,134,321,135,321,136,321,136,327,137,327,138,327,138,330,139,331,140,331,140,336,141,337,142,337,142,340,142,340,144,340,144,344,141,344,140,344,140,346,137,346,136,346,136,348,135,348,134,348,134,349,133,349,132,350,132,351,129,351,129,352,129,353,127,353,127,354,127,355,125,355,125,356,125,357,120,357,120,354,119,353,118,353,118,352,117,351,116,351,116,350,115,349,114,349,114,346,113,346,112,346,112,344,111,344,110,344,110,340,110,340,108,340,108,335,108,334,106,334,106,331,106,330,104,330,104,327,104,327,102,327,102,321,102,321,101,321,101,316,100,315,99,315,99,312,98,312,97,312,97,304,96,304,95,304,95,297,94,296,93,296,93,289,92,289,91,289,91,280,91,279,89,279
127,193,148,193,148,196,148,196,150,196,150,205,148,205,148,206,148,262,148,263,150,263,150,304,131,304,131,303,131,302,129,302,129,287,129,287,127,287
156,138,157,138,158,137,158,136,161,136,161,137,162,138,197,138,197,177,198,178,199,178,199,183,198,183,197,183,197,190,198,191,199,191,199,200,198,200,197,200,197,205,198,206,199,206,199,232,200,232,201,232,201,257,202,257,203,257,203,351,202,351,201,352,201,353,186,353,186,354,186,355,183,355,183,354,182,353,162,353,162,350,161,349,160,349,160,301,159,300,158,300,158,293,159,293,160,293,160,289,159,289,158,289,158,240,157,240,156,240,156,238,157,238,158,238,158,231,157,230,156,230
221,210,222,210,223,209,223,172,224,172,224,171,224,166,226,166,226,168,226,168,232,168,232,168,232,166,235,166,235,168,236,168,237,168,237,169,238,170,239,170,239,198,240,198,241,198,241,234,240,234,239,234,239,270,224,270,224,268,224,268,223,268,223,265,222,264,221,264,221,261,222,261,223,260,223,255,222,255,221,255
268,433,272,433,272,435,272,435,274,435,274,435,274,433,281,433,281,452,280,452,279,452,279,465,280,465,281,465,281,473,280,473,279,473,279,474,268,474
274,168,285,168,285,205,284,205,283,206,283,211,282,211,282,210,281,209,278,209,277,210,277,211,276,211,276,210,275,209,274,209
280,473,281,473,282,473,282,446,283,446,284,446,284,433,283,433,282,433,282,431,294,431,294,448,293,448,293,448,293,450,291,450,291,450,291,465,291,465,293,465,293,476,282,476,282,475,281,474,280,474
282,212,283,212,284,211,284,206,285,206,285,205,285,168,285,168,284,168,284,164,285,164,285,164,285,162,293,162,293,164,293,164,294,164,294,209,295,210,296,210,296,213,295,213,294,214,294,215,293,215,293,215,293,217,289,217,289,217,289,219,284,219,284,215,283,215,282,215
293,448,294,448,295,448,295,433,302,433,302,435,303,435,304,435,304,474,293,474
