0,0,5,0,5,13,4,13,4,14,4,22,2,22,2,22,2,25,0,25
0,181,1,181,1,183,1,184,2,184,2,186,2,187,4,187,4,196,4,197,5,197,5,198,4,198,4,198,4,239,0,239
4,157,18,157,18,171,17,171,17,171,17,178,17,178,18,178,18,222,17,222,17,222,17,239,4,239,4,228,5,228,5,228,5,177,5,176,4,176
4,31,5,31,5,31,5,17,7,17,7,16,7,1,7,1,5,1,5,0,20,0,20,15,19,15,18,15,18,49,19,50,20,50,20,65,5,65,5,54,5,53,4,53,4,41,5,41,5,41,5,34,5,33,4,33
17,230,26,230,26,231,26,231,27,231,27,239,17,239
20,0,35,0,35,2,35,2,36,2,36,5,35,5,35,5,35,25,25,25,24,25,24,26,22,26,22,25,21,25,20,25
35,0,50,0,50,59,40,59,39,60,39,61,37,61,37,60,36,59,35,59,35,5,36,5,37,5,37,2,36,2,35,2
34,120,35,120,35,119,35,102,36,102,37,102,37,95,38,95,38,95,38,91,39,91,40,91,40,88,41,88,41,88,41,85,42,85,43,85,43,82,44,82,44,82,44,80,45,80,46,79,46,77,47,77,47,76,47,75,53,75,53,76,53,77,56,77,56,78,56,78,59,78,59,79,59,80,60,80,60,81,60,81,65,81,65,82,65,82,66,82,66,83,65,83,65,84,65,86,63,86,63,87,63,89,62,89,62,90,62,91,60,91,60,91,60,95,59,95,59,95,59,98,58,98,57,98,57,101,56,101,56,101,56,106,55,106,54,107,54,129,55,130,56,130,56,135,56,135,57,135,57,139,58,140,59,140,59,143,59,144,60,144,60,146,60,147,62,147,62,149,62,150,63,150,63,152,63,152,65,152,65,153,65,154,66,154,66,156,66,157,68,157,68,158,68,158,69,158,69,159,68,159,68,160,68,161,63,161,63,161,63,162,60,162,60,162,60,163,58,163,57,164,57,165,56,165,56,165,56,166,55,166,54,167,54,168,52,168,52,167,51,166,50,166,50,164,50,163,49,163,49,162,48,162,47,162,47,161,47,161,46,161,46,158,45,158,44,158,44,155,44,155,43,155,43,152,42,152,41,152,41,148,41,148,40,148,40,144,39,143,38,143,38,140,38,139,37,139,37,134,36,133,35,133,35,124,35,123,34,123
35,195,48,195,49,195,49,194,51,194,51,216,50,216,50,217,50,239,35,239
55,64,56,64,56,63,56,61,57,61,58,61,58,60,59,60,59,59,59,58,60,58,60,58,60,57,62,57,62,56,62,55,65,55,65,55,65,54,66,54,66,53,66,52,68,52,68,52,68,51,71,51,71,51,71,50,72,50,72,49,72,48,75,48,75,48,75,47,78,47,78,46,78,45,81,45,81,45,81,44,84,44,84,43,84,42,88,42,89,42,89,41,94,41,95,41,95,40,99,40,99,39,99,38,106,38,107,38,107,37,114,37,114,36,114,35,129,35,129,36,129,37,137,37,137,38,138,38,142,38,142,39,142,40,145,40,145,41,145,41,149,41,149,42,150,42,152,42,152,43,153,44,157,44,157,45,157,45,160,45,160,46,160,47,161,47,161,48,162,48,164,48,164,53,163,53,163,54,163,55,162,55,161,55,161,56,160,56,160,57,160,61,159,61,158,61,158,63,157,63,157,64,157,65,156,65,155,65,155,66,154,66,154,65,154,65,150,65,150,64,149,63,147,63,147,62,146,62,142,62,142,61,142,61,139,61,139,60,139,59,136,59,136,58,136,58,133,58,133,57,133,56,127,56,127,55,127,55,108,55,108,55,108,56,102,56,102,57,102,58,99,58,99,58,99,59,96,59,96,60,96,61,93,61,93,61,93,62,90,62,90,62,90,63,89,63,88,64,88,65,86,65,85,65,85,66,84,66,84,67,84,68,81,68,81,68,81,71,80,71,79,71,79,72,77,72,76,72,76,73,75,73,75,74,75,75,74,75,74,75,74,76,72,76,72,77,72,78,71,78,71,78,71,79,69,79,69,77,69,76,66,76,66,75,66,75,65,75,65,74,65,73,63,73,63,72,63,72,62,72,62,71,62,71,59,71,59,70,59,69,55,69
60,174,63,174,63,173,63,172,65,172,65,172,65,170,68,170,68,169,68,168,69,168,69,168,69,167,71,167,71,166,71,165,72,165,72,165,72,164,72,163,71,163,71,162,74,162,74,163,74,164,75,164,75,168,75,168,76,168,76,169,77,170,79,170,79,171,80,171,82,171,82,172,83,172,84,172,84,173,84,174,87,174,87,175,87,175,90,175,90,176,90,177,93,177,93,178,93,178,97,178,97,179,98,180,102,180,102,181,102,181,106,181,106,182,107,182,129,182,129,182,129,181,136,181,136,181,136,180,139,180,139,179,139,178,143,178,144,178,144,177,148,177,148,178,148,178,149,178,149,179,150,180,151,180,151,185,151,185,152,185,152,188,153,188,154,188,154,191,154,191,155,191,155,195,154,195,154,195,154,196,153,196,152,197,152,198,145,198,145,198,145,199,135,199,134,200,134,201,129,201,129,201,129,202,104,202,104,201,103,201,99,201,99,200,99,199,95,199,95,198,94,198,90,198,90,197,90,196,87,196,87,195,87,195,84,195,84,194,84,193,81,193,81,192,81,192,78,192,78,191,78,191,77,191,77,190,76,189,74,189,74,188,74,188,72,188,72,187,72,186,69,186,69,185,69,185,68,185,68,184,68,183,66,183,66,182,66,182,65,182,65,181,65,181,63,181,63,180,63,179,62,179,62,177,62,176,60,176
62,111,63,111,63,111,63,101,65,101,65,101,65,97,66,97,66,96,66,92,68,92,68,92,68,87,69,87,69,86,69,80,71,80,71,79,71,78,72,78,72,78,72,77,74,77,74,76,74,75,75,75,75,75,75,74,76,74,77,73,77,72,79,72,80,72,80,71,99,71,99,76,98,76,97,77,97,81,96,81,96,81,96,85,95,85,94,85,94,98,93,98,93,98,93,119,92,119,91,120,91,136,92,137,93,137,93,149,93,150,94,150,94,159,95,160,96,160,96,166,93,166,93,165,93,165,75,165,75,164,75,163,74,163,74,162,74,162,71,162,71,161,71,161,69,161,69,157,69,156,68,156,68,151,68,151,66,151,66,147,66,146,65,146,65,142,65,142,63,142,63,137,63,136,62,136
66,7,68,7,68,6,68,1,69,1,69,1,69,0,79,0,79,18,69,18,69,17,69,16,68,16,68,10,68,9,66,9
96,107,97,107,98,106,98,95,99,95,99,95,99,88,100,88,101,88,101,80,102,80,102,79,102,71,124,71,124,78,123,78,123,78,123,82,123,82,124,82,124,99,124,100,126,100,126,109,124,109,124,110,124,136,123,136,123,137,123,146,121,146,121,147,121,158,120,158,120,158,120,166,99,166,99,160,99,159,98,159,98,147,97,146,96,146
124,158,126,158,126,158,126,152,127,152,127,152,127,147,129,147,129,146,129,142,130,142,130,142,130,134,132,134,132,133,132,120,133,120,133,119,133,101,133,101,132,101,132,90,132,89,130,89,130,82,130,82,129,82,129,75,129,75,127,75,127,74,129,74,129,73,129,72,151,72,151,73,151,74,152,74,152,76,153,77,154,77,154,85,154,85,155,85,155,91,156,91,157,91,157,95,157,95,158,95,158,102,159,102,160,102,160,133,159,133,158,134,158,139,157,139,157,140,157,145,156,145,155,145,155,149,154,149,154,150,154,153,153,153,152,154,152,159,151,159,151,160,151,163,150,163,149,164,149,166,148,166,148,167,148,168,138,168,138,167,137,166,133,166,133,167,133,168,132,168,132,167,132,166,124,166
163,107,164,107,165,106,165,105,173,105,173,131,172,131,172,131,172,139,166,139,166,138,166,138,163,138,163,124,164,124,165,123,165,111,164,111,163,111
166,231,167,231,168,231,168,230,176,230,176,231,177,231,178,231,178,231,178,230,181,230,181,239,166,239
172,22,173,22,174,22,174,0,188,0,188,28,188,28,190,28,190,35,188,35,188,35,188,36,184,36,184,35,184,35,172,35
171,152,172,152,172,152,172,150,173,150,174,149,174,148,175,148,175,148,175,145,176,145,177,145,177,142,178,142,178,142,178,140,179,140,179,139,179,135,181,135,181,135,181,130,182,130,182,129,182,112,182,112,181,112,181,105,181,105,179,105,179,100,179,99,178,99,178,95,178,95,177,95,177,92,176,92,175,92,175,88,175,88,174,88,174,84,176,84,177,83,177,82,179,82,179,82,179,81,182,81,182,81,182,80,185,80,185,79,185,78,188,78,188,79,188,80,190,80,190,83,190,84,191,84,191,88,191,88,193,88,193,91,193,91,194,91,194,93,194,94,195,94,195,101,196,101,197,101,197,108,197,108,198,108,198,129,197,129,197,130,197,136,196,136,195,137,195,142,194,142,194,142,194,146,193,146,193,147,193,151,191,151,191,151,191,153,190,153,190,154,190,156,188,156,188,157,188,159,187,159,187,160,187,162,185,162,185,162,185,163,181,163,181,162,181,162,179,162,179,161,179,161,178,161,178,160,178,159,175,159,175,158,175,158,171,158
197,47,198,47,199,46,199,24,200,24,200,23,200,0,212,0,212,23,211,23,210,24,210,43,211,44,212,44,212,62,202,62,201,62,201,63,199,63,199,62,198,62,197,62
214,7,215,7,215,6,215,0,227,0,227,2,226,2,225,2,225,3,226,4,227,4,227,43,226,43,225,44,225,45,215,45,215,38,215,38,214,38
