101,231,103,231,104,231,104,221,105,221,106,221,106,213,109,213,109,215,110,215,113,215,113,217,114,217,118,217,118,219,118,219,124,219,124,225,122,225,122,225,122,233,120,233,120,233,120,257,120,258,122,258,122,267,122,268,124,268,124,273,124,274,126,274,126,277,124,277,124,278,124,279,114,279,113,280,113,281,108,281,108,278,107,277,106,277,106,272,105,271,104,271,104,262,103,261,101,261
120,237,122,237,122,237,122,235,124,235,124,237,124,237,132,237,132,241,131,241,130,241,130,255,131,256,132,256,132,261,126,261,126,262,126,263,122,263,122,258,122,257,120,257
124,54,130,54,131,53,131,52,138,52,138,138,139,139,141,139,141,158,137,158,136,159,136,162,131,162,131,151,130,150,129,150,129,129,128,128,126,128,126,58,126,57,124,57
129,344,130,344,131,344,131,342,141,342,141,344,141,344,145,344,145,344,145,342,147,342,147,366,145,366,145,366,145,386,145,387,147,387,147,418,133,418,133,417,132,416,131,416,131,377,130,376,129,376
160,56,161,56,162,55,162,54,168,54,168,55,168,56,172,56,172,57,170,57,170,58,170,92,170,92,172,92,172,98,164,98,163,98,163,100,162,100,162,98,161,98,160,98
168,381,186,381,186,390,185,390,184,391,184,418,185,419,186,419,186,430,168,430
170,58,172,58,172,57,172,56,178,56,178,86,178,86,180,86,180,98,172,98,172,92,172,92,170,92
176,211,193,211,193,303,193,304,195,304,195,358,176,358,176,330,178,330,178,330,178,272,178,271,176,271
189,135,199,135,199,158,189,158
191,62,193,62,193,61,193,60,195,60,195,61,195,62,199,62,199,72,199,72,201,72,201,94,191,94
201,50,209,50,209,106,208,106,208,104,207,104,201,104
201,383,205,383,205,384,206,385,209,385,209,390,208,390,207,391,207,420,208,421,209,421,209,424,208,424,207,425,207,426,208,427,209,427,209,430,201,430
199,203,209,203,209,205,210,205,213,205,214,205,214,203,215,203,215,247,216,247,218,247,218,368,216,368,215,368,215,370,208,370,207,370,207,372,206,372,205,372,205,374,203,374,203,368,203,368,201,368,201,358,201,358,199,358
210,385,218,385,218,386,216,386,215,387,215,394,216,395,218,395,218,428,216,428,215,429,215,430,210,430
210,64,215,64,215,66,216,66,218,66,218,90,212,90,212,82,211,82,210,82
216,387,218,387,218,386,218,385,224,385,224,432,220,432,220,431,220,430,216,430,216,429,218,429,218,428,218,395,218,394,216,394
218,60,226,60,226,96,220,96,220,64,220,64,218,64
243,221,257,221,258,221,258,219,265,219,265,229,264,229,263,229,263,253,262,253,261,254,261,293,260,293,260,292,259,291,249,291,249,268,249,267,247,267,247,254,247,253,245,253,245,245,245,245,243,245
245,395,247,395,247,400,247,401,251,401,251,416,249,416,249,415,249,414,245,414
243,133,245,133,245,132,245,50,261,50,261,102,260,102,259,102,259,134,260,135,261,135,261,136,260,136,259,137,259,138,245,138,245,137,245,136,243,136
243,322,247,322,247,324,247,324,261,324,261,326,262,326,263,326,263,394,253,394,253,395,253,396,251,396,251,395,251,394,249,394,249,395,249,396,247,396,247,395,247,394,245,394,245,366,245,366,243,366
251,399,253,399,253,400,253,401,257,401,257,402,258,403,259,403,259,434,258,434,257,435,257,436,251,436
258,399,259,399,259,400,260,401,261,401,262,400,262,399,263,399,263,400,264,401,265,401,265,402,264,402,263,403,263,430,264,431,265,431,265,432,264,432,263,433,263,434,262,434,262,433,261,432,260,432,260,403,259,402,258,402
280,209,295,209,295,213,293,213,292,213,292,237,293,237,295,237,295,271,285,271,285,270,284,269,283,269,283,235,282,235,280,235
