0,225,1,225,2,225,2,221,5,221,6,221,6,219,18,219,18,221,18,221,22,221,22,231,20,231,20,231,20,237,18,237,18,237,18,241,16,241,16,241,16,249,14,249,14,250,14,257,12,257,11,258,11,265,10,265,9,266,9,269,8,269,7,270,7,271,0,271
49,237,51,237,52,237,52,229,53,229,54,229,54,223,55,223,56,223,56,219,57,219,58,219,58,213,59,213,60,213,60,211,61,211,62,211,62,207,63,207,64,207,64,205,66,205,66,205,66,203,68,203,68,203,68,201,70,201,70,201,70,199,72,199,72,199,72,197,74,197,74,197,74,195,78,195,79,195,79,193,80,193,81,193,81,191,84,191,85,191,85,189,86,189,87,189,87,187,91,187,91,186,91,185,93,185,93,186,93,187,95,187,95,191,95,191,97,191,97,197,95,197,95,197,95,199,91,199,91,199,91,201,89,201,88,201,88,203,87,203,86,203,86,205,85,205,84,205,84,207,81,207,80,207,80,209,79,209,78,209,78,213,77,213,76,213,76,215,74,215,74,215,74,217,72,217,72,217,72,221,70,221,70,221,70,225,68,225,68,225,68,231,66,231,66,231,66,241,64,241,63,241,63,259,64,260,66,260,66,269,66,270,68,270,68,275,68,276,70,276,70,279,70,280,72,280,72,283,72,284,74,284,74,287,74,288,76,288,76,291,77,292,78,292,78,295,79,296,80,296,80,299,79,299,78,300,78,301,74,301,74,302,74,303,72,303,72,304,72,305,68,305,68,304,68,303,66,303,66,300,66,299,64,299,64,298,63,297,62,297,62,294,61,293,60,293,60,292,59,291,58,291,58,288,57,287,56,287,56,282,55,281,54,281,54,278,53,277,52,277,52,268,51,267,49,267
70,247,72,247,72,247,72,227,74,227,74,227,74,223,93,223,93,225,93,225,95,225,95,233,93,233,93,233,93,253,72,253,72,252,72,251,70,251
93,344,95,344,95,344,95,320,97,320,97,320,97,304,99,304,99,303,99,288,101,288,101,287,101,264,103,264,104,263,104,243,105,243,106,243,106,229,107,229,108,229,108,213,109,213,110,213,110,197,111,197,112,197,112,179,113,179,114,178,114,167,116,167,116,166,116,165,120,165,120,166,120,167,126,167,126,168,126,169,134,169,134,191,133,191,132,191,132,221,131,221,130,221,130,253,129,253,128,254,128,301,126,301,126,302,126,340,124,340,124,340,124,366,106,366,106,364,105,364,95,364,95,364,95,366,93,366
139,225,157,225,157,227,158,227,159,227,159,269,158,269,157,270,157,271,139,271
170,231,176,231,176,231,176,229,186,229,186,231,187,231,188,231,188,237,189,237,190,237,190,253,191,254,193,254,193,265,185,265,184,266,184,267,176,267,176,247,176,247,174,247,174,243,174,243,172,243,172,237,172,237,170,237
174,312,184,312,184,320,185,320,186,320,186,336,185,336,184,336,184,338,176,338,176,334,176,334,174,334
189,308,201,308,201,324,201,324,203,324,203,340,203,340,205,340,205,360,206,360,207,360,207,374,195,374,195,362,195,362,193,362,193,338,193,338,191,338,191,314,190,314,189,314
214,296,215,296,216,295,216,239,218,239,218,239,218,219,220,219,220,219,220,217,232,217,232,219,233,219,242,219,243,219,243,217,263,217,263,219,264,219,270,219,270,219,270,217,276,217,276,221,276,221,278,221,278,245,278,245,280,245,280,247,278,247,278,247,278,249,278,250,280,250,280,251,278,251,278,252,278,261,278,262,280,262,280,277,278,277,278,278,278,305,276,305,276,306,276,307,266,307,265,308,265,309,222,309,222,308,222,307,218,307,218,306,218,305,216,305,216,300,215,299,214,299
274,215,278,215,278,215,278,183,280,183,280,182,280,181,282,181,282,182,283,183,292,183,293,182,293,181,305,181,305,186,303,186,303,187,303,342,301,342,301,340,301,340,280,340,280,338,280,338,278,338,278,332,280,332,280,332,280,294,280,293,278,293,278,278,280,278,280,277,280,250,280,249,278,249,278,247,280,247,280,247,280,245,280,245,278,245,278,221,278,221,276,221,276,217,276,217,274,217
305,326,307,326,308,326,308,155,324,155,324,328,322,328,322,328,322,338,322,338,324,338,324,342,322,342,322,342,322,346,322,346,324,346,324,364,312,364,311,364,311,366,308,366,308,356,307,356,305,356
