89,282,90,282,91,281,91,266,93,266,93,265,93,252,95,252,96,251,96,238,97,238,98,237,98,226,100,226,100,226,100,217,102,217,103,217,103,206,104,206,105,205,105,196,107,196,107,196,107,189,109,189,110,189,110,185,111,185,111,186,112,187,121,187,121,189,121,189,123,189,123,196,121,196,121,196,121,207,119,207,118,208,118,219,117,219,116,219,116,230,114,230,114,231,114,247,112,247,111,247,111,260,110,260,109,261,109,277,107,277,107,277,107,323,89,323
121,344,123,344,124,344,124,277,125,277,126,277,126,259,128,259,128,258,128,243,130,243,131,242,131,229,133,229,133,228,133,217,135,217,135,217,135,206,137,206,138,205,138,194,140,194,140,193,140,185,142,185,142,184,142,173,144,173,145,173,145,164,147,164,147,163,147,155,149,155,150,154,150,148,151,148,152,147,152,141,165,141,165,142,166,143,179,143,179,145,178,145,177,145,177,154,175,154,175,155,175,161,173,161,172,162,172,170,171,170,170,171,170,182,168,182,168,182,168,193,166,193,165,194,165,203,164,203,163,203,163,217,161,217,161,217,161,233,159,233,158,233,158,258,157,258,156,259,156,293,154,293,154,293,154,321,152,321,151,321,151,342,152,342,154,342,154,374,147,374,147,375,147,376,126,376,125,377,125,379,124,379,124,363,123,362,121,362
168,287,170,287,171,286,171,261,172,261,173,260,173,238,175,238,175,237,175,219,177,219,178,219,178,210,182,210,182,212,182,212,189,212,189,221,187,221,186,222,186,244,185,244,184,245,184,267,182,267,182,268,182,288,168,288
220,321,222,321,222,321,222,284,224,284,225,284,225,263,231,263,231,293,229,293,229,293,229,330,225,330,224,331,224,332,222,332,222,331,222,330,220,330
234,331,236,331,236,330,236,307,238,307,239,307,239,300,245,300,246,300,246,298,247,298,247,302,246,302,245,303,245,330,243,330,243,331,243,369,234,369
239,252,240,252,241,251,241,229,252,229,252,233,250,233,250,233,250,277,248,277,247,277,247,279,239,279
243,159,245,159,246,159,246,157,254,157,254,170,253,170,252,171,252,203,250,203,250,201,250,200,246,200,245,201,245,203,243,203
250,328,252,328,253,328,253,303,264,303,264,314,262,314,261,314,261,365,250,365
255,231,264,231,264,230,264,229,266,229,266,272,257,272,257,273,257,274,255,274
257,185,259,185,260,184,260,150,268,150,268,161,267,161,266,162,266,207,257,207
