51,95,52,95,52,95,52,81,53,81,54,80,54,71,55,71,55,71,55,65,56,65,56,64,56,58,57,58,58,58,58,53,59,53,59,52,59,49,60,49,60,48,60,45,61,45,61,44,61,42,62,42,63,42,63,38,64,38,64,38,64,34,68,34,68,35,68,35,70,35,70,36,70,37,73,37,73,38,73,38,78,38,78,39,78,39,83,39,83,40,83,41,84,41,84,43,83,43,83,43,83,48,82,48,82,49,82,52,81,52,80,53,80,58,80,58,79,58,79,63,78,63,78,63,78,68,77,68,77,69,77,75,76,75,75,75,75,84,74,84,74,85,74,115,74,115,75,115,75,122,76,122,77,122,77,128,77,129,78,129,78,134,78,134,79,134,79,139,80,139,80,139,80,143,81,143,82,143,82,148,82,149,83,149,83,154,83,154,84,154,84,160,83,160,83,161,83,162,81,162,80,162,80,163,78,163,78,163,78,164,76,164,75,165,75,166,70,166,70,166,70,167,67,167,67,166,66,166,65,166,65,163,65,163,64,163,64,161,64,160,63,160,63,157,62,156,61,156,61,153,61,152,60,152,60,149,60,148,59,148,59,145,59,144,58,144,58,139,57,139,56,139,56,134,56,134,55,134,55,127,55,127,54,127,54,119,53,119,52,119,52,106,52,106,51,106
86,37,87,37,87,36,87,34,100,34,100,96,100,97,101,97,101,166,98,166,97,166,97,167,87,167,87,165,88,165,89,164,89,151,88,151,87,151,87,114,87,114,86,114
104,34,115,34,115,112,116,113,117,113,117,163,117,163,118,163,118,167,117,167,117,167,117,168,105,168,105,114,105,114,104,114
136,53,146,53,146,54,147,54,148,54,148,56,148,57,149,57,149,58,148,58,148,58,148,86,148,86,149,86,149,146,149,146,150,146,150,151,149,151,149,151,149,152,147,152,146,153,146,154,136,154
158,50,166,50,166,130,166,130,167,130,167,140,160,140,160,139,159,139,158,139
175,42,181,42,181,130,181,130,182,130,182,155,183,155,184,155,184,167,180,167,180,167,180,168,176,168,176,158,176,158,175,158
181,1,184,1,184,2,184,2,189,2,189,19,183,19,183,15,182,15,181,15
183,42,190,42,190,48,189,48,189,49,189,56,189,57,190,57,190,60,190,61,191,61,191,84,190,84,190,85,190,86,190,86,191,86,191,90,190,90,190,90,190,91,190,91,191,91,191,99,190,99,190,99,190,107,190,107,191,107,191,120,190,120,190,121,190,134,184,134,184,121,184,120,183,120,183,110,184,110,184,110,184,109,184,108,183,108,183,107,184,107,184,107,184,89,184,88,183,88,183,87,184,87,184,87,184,78,184,78,183,78,183,77,184,77,184,76,184,74,184,74,183,74
192,1,199,1,199,18,192,18
190,33,191,33,192,32,192,31,193,31,193,32,193,33,198,33,198,123,198,123,199,123,199,171,200,171,200,171,200,172,200,172,199,173,199,175,192,175,192,174,191,174,190,174,190,171,191,171,192,171,192,137,191,136,190,136,190,133,191,133,192,132,192,41,191,40,190,40
206,57,207,57,207,56,207,55,216,55,216,55,216,54,228,54,228,55,228,55,229,55,229,134,229,134,230,134,230,135,229,135,229,135,229,147,229,147,230,147,230,148,229,148,229,149,229,152,220,152,220,153,220,154,216,154,216,153,216,152,212,152,212,153,212,154,209,154,209,153,208,152,207,152,207,131,207,131,206,131,206,121,207,121,207,120,207,110,207,110,206,110,206,101,207,101,207,100,207,63,207,63,206,63
241,78,242,78,242,78,242,77,246,77,246,78,246,78,252,78,252,151,242,151,242,114,242,114,241,114,241,95,242,95,242,95,242,93,242,92,241,92,241,86,242,86,242,86,242,85,242,84,241,84
255,81,264,81,264,84,263,84,262,85,262,104,263,105,264,105,264,106,263,106,262,106,262,143,263,143,264,143,264,148,263,148,262,149,262,151,255,151
