62,259,64,259,64,259,64,234,66,234,66,233,66,185,66,185,64,185,64,173,66,173,66,173,66,169,97,169,97,284,97,285,99,285,99,325,97,325,97,326,97,333,95,333,95,333,95,354,95,355,97,355,97,362,95,362,95,363,95,433,93,433,93,433,93,435,82,435,82,433,81,433,72,433,71,433,71,435,68,435,68,433,67,433,66,433,66,406,66,405,64,405,64,394,64,394,62,394
95,117,97,117,97,116,97,95,101,95,101,95,101,93,109,93,109,132,95,132
95,333,99,333,99,333,99,324,114,324,114,339,115,339,116,339,116,341,115,341,114,341,114,366,113,366,112,367,112,437,111,437,111,435,111,435,97,435,97,384,99,384,99,384,99,355,99,354,95,354
97,208,99,208,99,208,99,199,101,199,101,198,101,169,116,169,116,237,115,237,114,238,114,280,115,281,116,281,116,284,115,284,114,285,114,286,103,286,103,287,103,288,101,288,101,287,101,286,99,286,99,285,99,284,97,284,97,281,99,281,99,280,99,226,99,226,97,226,97,224,99,224,99,224,99,212,99,212,97,212
115,341,116,341,117,341,117,337,120,337,120,339,121,339,130,339,130,421,119,421,118,421,118,423,117,423,117,421,116,421,115,421
117,244,118,244,119,243,119,205,120,205,121,204,121,191,132,191,132,267,121,267,120,267,120,269,119,269,119,265,118,265,117,265
176,261,177,261,178,261,178,253,179,253,179,253,179,248,181,248,181,247,181,244,183,244,183,243,183,242,185,242,185,243,185,244,187,244,187,245,187,246,189,246,189,247,189,248,191,248,191,253,189,253,189,253,189,257,187,257,187,257,187,272,187,273,189,273,189,278,189,279,191,279,191,280,191,281,193,281,193,282,193,283,195,283,195,284,195,285,197,285,197,286,197,287,201,287,201,288,201,289,202,289,202,290,203,291,204,291,204,292,205,292,206,292,206,294,207,294,208,294,208,296,209,296,210,296,210,298,207,298,206,298,206,302,203,302,203,300,202,300,199,300,199,298,199,298,197,298,197,296,197,296,195,296,195,294,195,294,191,294,191,291,191,290,187,290,187,289,187,288,185,288,185,287,185,286,181,286,181,281,181,280,179,280,179,279,179,278,178,278,178,267,177,267,176,267
193,267,195,267,195,267,195,251,197,251,197,251,197,250,206,250,206,251,207,251,220,251,220,253,221,253,226,253,226,259,224,259,224,259,224,261,224,261,226,261,226,263,224,263,224,263,224,270,224,271,226,271,226,276,224,276,224,277,224,278,203,278,202,279,202,280,197,280,197,279,197,278,195,278,195,273,195,272,193,272
228,248,230,248,230,247,230,246,236,246,236,247,236,248,238,248,238,251,238,251,240,251,240,257,240,257,242,257,242,274,240,274,240,275,240,280,238,280,238,281,238,284,236,284,236,285,236,286,234,286,234,287,234,288,230,288,230,287,230,286,228,286,228,281,230,281,230,280,230,279,232,279,232,278,232,277,234,277,234,276,234,255,234,255,232,255,232,251,232,251,230,251,230,250,230,249,228,249
291,431,294,431,294,433,295,433,304,433,304,446,305,447,306,447,306,487,305,487,304,488,304,489,303,489,303,488,302,487,299,487,298,488,298,489,295,489,295,488,294,487,291,487
