54,156,55,156,56,155,56,145,57,145,57,145,57,138,58,138,59,137,59,129,60,129,60,128,60,121,61,121,62,121,62,112,63,112,63,112,63,111,67,111,67,112,68,112,73,112,73,115,72,115,72,115,72,127,71,127,70,127,70,133,69,133,69,133,69,140,68,140,67,141,67,146,66,146,66,147,66,158,65,158,64,159,64,164,65,165,66,165,66,173,66,174,67,174,67,179,68,180,69,180,69,182,69,183,70,183,70,184,69,184,69,184,69,185,66,185,66,186,66,187,63,187,63,187,63,188,60,188,60,186,60,185,59,185,59,181,58,181,57,181,57,177,57,176,56,176,56,168,55,167,54,167
72,144,73,144,74,143,74,139,75,139,75,139,75,133,76,133,77,133,77,129,78,129,78,128,78,123,79,123,80,122,80,115,81,115,81,115,81,105,82,105,82,104,82,85,82,85,81,85,81,76,81,76,80,76,80,70,79,70,78,70,78,66,78,65,77,65,77,63,76,62,75,62,75,58,75,58,74,58,74,52,76,52,77,52,77,51,82,51,82,52,82,52,84,52,84,55,84,55,85,55,85,58,85,58,87,58,87,61,87,61,88,61,88,65,88,66,90,66,90,71,90,72,91,72,91,79,91,79,92,79,92,110,91,110,91,111,91,119,90,119,90,120,90,125,88,125,88,126,88,130,87,130,87,130,87,136,85,136,85,136,85,143,84,143,84,144,84,149,82,149,82,150,82,151,80,151,80,150,79,149,72,149
127,75,128,75,128,74,128,70,134,70,134,71,134,72,135,72,136,71,136,70,138,70,138,71,139,72,162,72,162,73,162,73,164,73,164,124,164,124,165,124,165,125,164,125,164,126,164,143,164,144,165,144,165,146,164,146,164,147,164,148,164,148,165,148,165,151,164,151,164,151,164,157,161,157,161,157,161,158,142,158,141,159,141,160,137,160,137,159,137,158,127,158
168,33,178,33,178,34,179,34,202,34,202,35,202,36,204,36,204,47,202,47,202,48,202,55,202,55,204,55,204,124,204,124,205,124,205,125,204,125,204,126,204,127,204,127,205,127,205,131,204,131,204,132,204,137,204,138,205,138,205,194,204,194,204,195,204,196,192,196,192,196,192,197,191,197,191,196,190,196,170,196,170,159,171,159,171,158,171,154,171,154,170,154,170,142,171,142,171,142,171,126,171,125,170,125,170,124,171,124,171,124,171,118,171,118,170,118,170,76,170,76,168,76
220,49,221,49,222,49,222,48,223,48,223,49,223,49,233,49,233,62,234,63,235,63,235,175,235,175,236,175,236,179,235,179,235,180,235,181,223,181,223,88,223,88,222,88,222,87,223,87,223,86,223,85,223,85,222,85,222,52,221,52,220,52
248,39,250,39,250,38,250,37,255,37,255,38,256,39,258,39,258,40,259,40,260,40,260,61,260,61,261,61,261,100,251,100,251,97,251,97,250,97,250,58,250,58,248,58
251,100,255,100,255,101,256,102,257,102,257,103,257,103,261,103,261,131,262,132,263,132,263,193,262,193,261,193,261,194,253,194,252,195,252,196,251,196
271,46,279,46,279,88,280,88,281,88,281,137,281,138,282,138,282,179,282,180,284,180,284,187,274,187,274,160,275,160,275,160,275,159,275,158,274,158,274,99,273,98,272,98,272,64,272,64,271,64
281,61,282,61,282,61,282,60,285,60,285,61,285,61,290,61,290,83,290,84,291,84,291,130,291,130,292,130,292,172,285,172,285,145,285,145,284,145,284,102,284,101,282,101,282,73,282,73,281,73
291,42,298,42,298,43,299,43,300,43,300,91,300,91,301,91,301,127,302,127,303,127,303,187,303,187,304,187,304,191,297,191,297,192,297,193,296,193,296,192,295,191,294,191,294,190,295,190,296,190,296,187,295,187,294,187,294,174,295,174,296,173,296,154,295,154,294,154,294,103,294,103,293,103,293,76,292,76,291,76
302,48,310,48,310,68,311,69,312,69,312,130,312,130,313,130,313,181,314,181,315,181,315,182,314,182,313,183,313,184,308,184,307,184,307,185,306,185,306,184,306,184,305,184,305,114,304,113,303,113,303,91,303,91,302,91,302,82,303,82,303,82,303,75,303,74,302,74,302,64,303,64,303,64,303,58,303,58,302,58
