72,233,74,233,75,233,75,196,76,196,77,196,77,185,79,185,79,184,79,173,81,173,82,173,82,164,83,164,84,163,84,155,86,155,86,154,86,148,88,148,89,147,89,141,90,141,91,140,91,136,93,136,93,135,93,129,95,129,96,129,96,122,97,122,98,122,98,115,100,115,100,115,100,111,102,111,103,110,103,104,104,104,105,103,105,99,107,99,107,98,107,94,109,94,110,94,110,90,111,90,112,89,112,83,114,83,114,82,114,76,116,76,117,75,117,74,118,74,119,73,119,71,121,71,121,71,121,67,123,67,124,66,124,62,125,62,126,61,126,57,128,57,128,57,128,53,130,53,131,52,131,48,133,48,133,48,133,41,135,41,135,41,135,39,137,39,137,41,138,41,142,41,142,43,142,43,147,43,147,45,147,46,154,46,154,48,154,48,170,48,170,50,171,50,175,50,175,52,175,53,177,53,177,54,175,54,175,55,175,61,173,61,172,62,172,64,171,64,170,64,170,66,168,66,168,67,168,71,166,71,165,71,165,73,164,73,163,74,163,78,161,78,161,78,161,82,159,82,158,83,158,87,157,87,156,87,156,92,154,92,154,92,154,98,152,98,151,99,151,103,150,103,149,104,149,110,147,110,147,111,147,115,145,115,144,115,144,119,142,119,142,120,142,126,140,126,140,127,140,133,138,133,137,134,137,140,135,140,135,141,135,149,133,149,133,150,133,154,131,154,130,155,130,159,128,159,128,159,128,163,126,163,125,164,125,173,124,173,123,173,123,184,121,184,121,185,121,198,119,198,118,199,118,214,117,214,116,215,116,277,117,277,118,277,118,309,119,310,121,310,121,335,121,335,123,335,123,346,124,347,125,347,125,358,126,358,128,358,128,365,128,365,130,365,130,372,131,372,133,372,133,376,133,377,135,377,135,383,135,384,137,384,137,388,138,388,140,388,140,392,140,393,142,393,142,395,142,395,144,395,144,399,145,400,147,400,147,404,147,405,149,405,149,406,150,407,151,407,151,411,152,412,154,412,154,413,154,414,156,414,156,418,157,418,158,418,158,423,159,423,161,423,161,427,161,428,163,428,163,432,164,432,165,432,165,436,166,437,168,437,168,441,168,442,170,442,170,448,171,449,172,449,172,460,147,460,147,460,147,462,138,462,138,460,137,460,133,460,133,458,133,457,131,457,131,456,130,455,128,455,128,453,128,453,126,453,126,449,125,448,124,448,124,444,123,443,121,443,121,442,121,441,119,441,119,437,118,436,117,436,117,432,116,432,114,432,114,430,114,429,112,429,112,425,111,425,110,425,110,423,109,423,107,423,107,418,107,418,105,418,105,416,104,416,103,416,103,412,102,411,100,411,100,407,100,406,98,406,98,402,97,402,96,402,96,398,95,397,93,397,93,391,93,390,91,390,91,386,90,385,89,385,89,379,88,379,86,379,86,375,86,374,84,374,84,368,83,367,82,367,82,358,81,358,79,358,79,347,79,346,77,346,77,337,76,337,75,337,75,319,74,318,72,318
131,182,135,182,135,184,135,185,149,185,149,342,142,342,142,340,142,339,138,339,137,340,137,342,133,342,133,206,133,205,131,205
157,97,158,97,159,96,159,94,175,94,175,200,161,200,161,199,161,198,159,198,159,196,158,196,157,196,157,192,158,192,159,191,159,187,158,186,157,186,157,185,158,185,159,184,159,182,158,182,157,182
164,358,165,358,166,358,166,312,168,312,168,314,168,314,179,314,180,314,180,312,182,312,182,409,175,409,175,409,175,411,166,411,166,409,165,409,164,409
182,192,184,192,185,191,185,189,193,189,193,191,194,192,200,192,200,272,199,272,198,273,198,286,196,286,196,287,196,288,182,288,182,280,184,280,185,279,185,277,184,277,182,277,182,233,184,233,185,233,185,219,184,219,182,219
208,289,210,289,210,288,210,270,229,270,229,302,227,302,226,303,226,367,208,367
208,57,210,57,210,57,210,55,226,55,226,117,227,118,229,118,229,133,227,133,226,134,226,203,213,203,212,203,212,205,210,205,210,189,210,189,208,189,208,162,210,162,210,161,210,67,210,66,208,66
239,398,240,398,241,397,241,351,243,351,243,351,243,337,250,337,250,337,250,335,259,335,259,337,260,337,261,337,261,342,260,342,259,342,259,395,257,395,257,395,257,436,239,436
241,201,243,201,243,200,243,145,245,145,246,145,246,143,254,143,254,145,255,145,259,145,260,145,260,143,261,143,261,237,260,237,259,238,259,251,253,251,253,250,252,249,241,249
269,312,271,312,271,311,271,254,273,254,274,254,274,180,275,180,276,179,276,127,278,127,278,126,278,83,280,83,281,82,281,81,283,81,283,82,283,83,294,83,294,85,295,85,297,85,297,87,295,87,294,87,294,115,295,115,297,115,297,124,295,124,294,125,294,166,295,166,297,166,297,191,295,191,294,192,294,193,295,194,297,194,297,214,295,214,294,215,294,263,292,263,292,263,292,318,290,318,290,319,290,337,288,337,287,337,287,339,285,339,285,337,285,337,274,337,273,337,273,339,271,339,271,337,271,337,269,337,269,333,271,333,271,332,271,331,271,330,269,330
