25,356,27,356,27,355,27,347,29,347,29,347,29,341,31,341,31,341,31,335,33,335,34,334,34,331,35,331,36,330,36,327,37,327,38,326,38,320,39,320,40,320,40,314,41,314,42,314,42,310,48,310,48,311,48,312,52,312,52,314,51,314,50,314,50,320,48,320,48,320,48,324,46,324,46,325,46,328,44,328,44,329,44,334,42,334,41,335,41,341,40,341,39,341,39,347,38,347,37,347,37,357,36,357,35,358,35,359,25,359
40,350,41,350,42,349,42,343,44,343,44,343,44,339,46,339,46,339,46,333,48,333,48,332,48,327,50,327,51,326,51,320,52,320,53,320,53,318,58,318,58,326,57,326,56,327,56,330,55,330,54,331,54,334,53,334,52,335,52,341,51,341,50,341,50,347,48,347,48,347,48,351,40,351
48,352,50,352,51,351,51,347,52,347,53,347,53,341,54,341,55,341,55,333,56,333,57,332,57,327,58,327,59,326,59,318,61,318,61,318,61,312,63,312,63,314,63,314,69,314,69,320,68,320,67,320,67,326,65,326,65,327,65,334,63,334,63,335,63,339,61,339,61,339,61,347,59,347,58,347,58,351,57,351,56,352,56,355,55,355,54,356,54,357,48,357
48,495,50,495,51,495,51,489,52,489,53,489,53,481,54,481,55,480,55,472,56,472,57,472,57,464,58,464,59,464,59,458,61,458,61,457,61,452,63,452,63,451,63,450,65,450,65,451,65,452,73,452,73,457,72,457,71,458,71,464,70,464,69,464,69,472,68,472,67,472,67,480,65,480,65,481,65,489,63,489,63,489,63,495,61,495,61,495,61,499,48,499
53,366,54,366,55,366,55,360,56,360,57,359,57,354,58,354,59,353,59,347,61,347,61,347,61,341,63,341,63,341,63,335,65,335,65,334,65,327,67,327,68,326,68,320,69,320,70,320,70,314,71,314,72,314,72,304,75,304,75,305,76,306,80,306,80,314,78,314,78,314,78,320,76,320,75,320,75,328,74,328,73,329,73,334,72,334,71,335,71,343,70,343,69,343,69,349,68,349,67,350,67,357,65,357,65,358,65,361,63,361,63,362,63,368,61,368,61,368,61,370,53,370
68,352,69,352,70,351,70,343,71,343,72,343,72,335,73,335,74,334,74,329,75,329,76,328,76,320,78,320,78,320,78,314,80,314,80,314,80,312,82,312,82,314,82,314,86,314,86,322,85,322,84,322,84,330,82,330,82,331,82,336,80,336,80,337,80,345,78,345,78,345,78,351,76,351,75,352,75,357,74,357,73,358,73,359,68,359
65,497,67,497,68,497,68,489,69,489,70,489,70,481,71,481,72,480,72,470,84,470,84,476,82,476,82,477,82,478,82,479,84,479,84,482,82,482,82,483,82,484,80,484,80,485,80,493,78,493,78,493,78,499,65,499
76,354,78,354,78,353,78,347,80,347,80,347,80,341,82,341,82,341,82,333,84,333,85,332,85,327,86,327,87,326,87,318,88,318,89,318,89,314,90,314,91,314,91,312,97,312,97,320,95,320,95,320,95,326,93,326,92,327,92,332,91,332,90,333,90,341,89,341,88,341,88,349,87,349,86,350,86,357,78,357,78,356,78,355,76,355
80,491,82,491,82,491,82,483,84,483,85,482,85,470,86,470,87,470,87,464,88,464,89,464,89,456,90,456,91,455,91,447,95,447,95,449,95,450,99,450,99,451,99,452,101,452,101,459,99,459,99,460,99,472,97,472,97,472,97,474,97,475,99,475,99,476,97,476,97,477,97,484,95,484,95,485,95,486,93,486,92,487,92,491,93,491,95,491,95,495,93,495,92,495,92,499,80,499
74,152,75,152,76,151,76,147,78,147,78,147,78,143,80,143,80,143,80,139,82,139,82,139,82,135,84,135,85,134,85,131,86,131,87,130,87,127,88,127,89,126,89,125,90,125,91,124,91,120,92,120,93,120,93,116,95,116,95,116,95,112,97,112,97,111,97,108,99,108,99,107,99,104,101,104,102,103,102,100,103,100,104,99,104,93,105,93,106,93,106,89,107,89,108,89,108,85,109,85,110,84,110,81,112,81,112,80,112,77,114,77,114,76,114,72,116,72,116,72,116,68,118,68,119,68,119,64,120,64,121,64,121,60,122,60,123,59,123,56,124,56,125,55,125,52,126,52,127,51,127,47,129,47,129,47,129,43,131,43,131,43,131,39,133,39,133,39,133,35,135,35,136,34,136,31,137,31,138,30,138,25,139,25,140,24,140,20,141,20,142,20,142,18,146,18,146,18,146,16,165,16,165,16,165,14,171,14,171,16,172,16,188,16,188,20,187,20,186,20,186,22,184,22,184,22,184,24,182,24,182,25,182,28,180,28,180,29,180,30,178,30,177,31,177,34,176,34,175,35,175,36,174,36,173,37,173,41,172,41,171,41,171,43,170,43,169,43,169,47,167,47,167,47,167,51,165,51,165,52,165,55,163,55,163,56,163,59,161,59,160,60,160,66,159,66,158,66,158,72,157,72,156,72,156,80,155,80,154,81,154,91,153,91,152,91,152,101,150,101,150,102,150,118,148,118,148,118,148,124,146,124,146,125,146,136,144,136,143,137,143,147,142,147,141,147,141,149,140,149,139,150,139,151,136,151,135,152,135,153,131,153,131,154,131,155,125,155,124,156,124,157,116,157,116,156,116,155,93,155,92,156,92,157,87,157,87,156,86,155,74,155
93,495,95,495,95,495,95,485,97,485,97,484,97,477,99,477,99,476,99,470,101,470,102,470,102,460,103,460,104,459,104,456,105,456,105,457,106,458,114,458,114,464,112,464,112,464,112,468,112,468,114,468,114,470,112,470,112,470,112,472,110,472,109,472,109,476,110,477,112,477,112,480,110,480,109,481,109,486,108,486,107,487,107,497,106,497,105,497,105,499,93,499
106,497,107,497,108,497,108,487,109,487,110,486,110,481,112,481,112,480,112,470,114,470,114,470,114,468,124,468,124,476,123,476,122,477,122,489,121,489,120,489,120,499,106,499
116,245,118,245,119,245,119,239,120,239,121,239,121,233,122,233,123,232,123,227,124,227,125,226,125,220,126,220,127,220,127,214,129,214,129,214,129,210,137,210,137,211,136,211,135,212,135,218,133,218,133,218,133,226,131,226,131,227,131,232,129,232,129,233,129,239,127,239,126,239,126,249,125,249,124,250,124,251,116,251
129,243,131,243,131,243,131,235,133,235,133,234,133,229,135,229,136,228,136,222,137,222,138,222,138,216,139,216,140,216,140,210,148,210,148,211,144,211,143,212,143,224,142,224,141,225,141,228,140,228,139,229,139,234,138,234,137,235,137,241,136,241,135,241,135,251,133,251,133,250,133,249,131,249,131,250,131,251,129,251
138,243,139,243,140,243,140,235,141,235,142,234,142,225,143,225,144,224,144,218,146,218,146,218,146,212,148,212,148,211,148,210,152,210,152,211,153,212,154,212,154,216,153,216,152,216,152,224,150,224,150,225,150,232,148,232,148,233,148,239,146,239,146,239,146,245,144,245,143,245,143,247,138,247
146,243,148,243,148,243,148,233,150,233,150,232,150,225,152,225,153,224,153,216,154,216,155,216,155,210,156,210,157,209,157,208,163,208,163,216,161,216,160,216,160,220,159,220,158,220,158,232,157,232,156,233,156,236,157,237,158,237,158,239,155,239,154,239,154,249,146,249
157,233,158,233,159,232,159,220,160,220,161,220,161,216,167,216,167,230,165,230,165,231,165,239,159,239,159,237,158,236,157,236
157,127,158,127,159,126,159,114,160,114,161,114,161,97,163,97,163,97,163,87,165,87,165,86,165,81,167,81,167,80,167,77,169,77,170,76,170,72,171,72,172,72,172,66,173,66,174,66,174,58,175,58,176,57,176,52,177,52,178,51,178,47,180,47,180,47,180,41,182,41,182,41,182,37,184,37,184,36,184,31,186,31,187,30,187,27,188,27,189,26,189,20,190,20,191,20,191,16,192,16,193,16,193,14,199,14,199,14,199,12,201,12,201,14,201,14,205,14,206,14,206,12,218,12,218,11,218,10,224,10,224,11,225,12,226,12,226,18,227,18,228,18,228,26,229,27,231,27,231,32,231,33,233,33,233,36,231,36,231,37,231,61,229,61,228,62,228,68,227,68,226,68,226,72,225,72,224,72,224,74,223,74,222,75,222,78,221,78,220,79,220,80,218,80,218,81,218,82,216,82,216,83,216,86,214,86,214,87,214,91,212,91,211,91,211,95,210,95,209,95,209,99,208,99,207,100,207,103,206,103,205,104,205,111,204,111,203,112,203,126,201,126,201,127,201,132,199,132,199,133,199,134,197,134,197,135,197,139,195,139,194,139,194,141,193,141,192,141,192,143,191,143,190,143,190,145,189,145,188,145,188,151,187,151,187,150,186,149,184,149,184,147,184,147,182,147,182,145,182,145,172,145,172,143,171,143,165,143,165,141,165,141,161,141,161,139,160,139,159,139,159,137,158,136,157,136
189,145,190,145,191,145,191,143,192,143,193,143,193,141,197,141,197,143,197,143,216,143,216,168,214,168,214,168,214,172,195,172,194,172,194,174,193,174,193,147,192,147,191,147,190,147,190,149,189,149
199,475,201,475,201,474,201,452,203,452,204,451,204,431,205,431,206,430,206,408,207,408,208,407,208,387,209,387,210,386,210,368,211,368,212,368,212,345,214,345,214,345,214,325,216,325,216,324,216,302,218,302,218,301,218,283,220,283,221,282,221,262,222,262,223,261,223,235,224,235,225,234,225,220,231,220,231,220,231,218,235,218,235,218,235,216,237,216,238,216,238,214,241,214,241,234,240,234,239,235,239,270,238,270,237,270,237,311,235,311,235,312,235,353,233,353,233,354,233,376,231,376,231,377,231,399,229,399,228,400,228,428,227,428,226,429,226,459,225,459,224,460,224,478,223,478,222,479,222,499,199,499
225,206,226,206,227,205,227,172,228,172,229,172,229,147,231,147,231,147,231,116,233,116,233,116,233,87,235,87,235,86,235,68,248,68,248,72,246,72,245,72,245,147,244,147,243,147,243,209,242,209,241,210,241,214,238,214,238,212,237,211,225,211
235,45,237,45,238,45,238,12,239,12,240,11,240,0,250,0,250,11,248,11,248,12,248,53,240,53,239,54,239,55,238,55,238,54,237,53,235,53
