1,224,2,224,3,223,3,215,4,215,5,215,5,211,6,211,6,211,6,210,7,210,8,209,8,208,9,208,10,208,10,206,11,206,11,206,11,205,12,205,13,204,13,203,14,203,15,202,15,201,16,201,16,201,16,199,19,199,20,199,20,198,22,198,23,197,23,196,31,196,31,195,31,194,34,194,34,195,35,196,37,196,37,206,36,206,36,206,36,208,30,208,29,208,29,209,25,209,24,210,24,211,23,211,22,211,22,213,21,213,21,213,21,215,20,215,19,215,19,218,18,218,17,218,17,221,16,221,16,222,16,230,15,230,14,231,14,232,3,232,3,231,2,230,1,230
6,239,9,239,10,239,10,238,17,238,17,239,18,239,19,239,19,241,20,241,21,241,21,242,21,243,24,243,24,244,25,244,27,244,27,246,28,246,34,246,34,248,35,248,37,248,37,249,38,250,39,250,39,251,38,251,37,251,37,258,28,258,28,257,27,256,23,256,23,255,22,254,18,254,18,253,17,253,16,253,16,251,16,251,13,251,13,250,12,249,11,249,11,248,11,248,10,248,10,246,9,246,8,246,8,243,7,242,6,242
18,53,19,53,20,53,20,34,21,34,21,34,21,22,22,22,23,22,23,6,24,6,25,6,25,5,34,5,34,6,35,6,39,6,39,8,40,8,41,8,41,9,41,10,62,10,62,16,61,16,61,17,61,25,60,25,59,26,59,34,58,34,57,34,57,37,56,37,56,38,56,44,55,44,54,45,54,49,53,49,52,50,52,58,51,58,51,59,51,70,50,70,49,71,49,84,48,84,47,85,47,147,46,147,46,147,46,178,46,178,47,178,47,185,46,185,46,185,46,187,23,187,23,185,22,185,21,185,21,126,21,126,20,126,20,92,19,91,18,91
48,243,49,243,50,242,50,238,51,238,51,237,51,234,52,234,53,234,53,218,52,218,51,218,51,211,54,211,55,211,55,210,56,210,56,209,56,208,59,208,59,213,60,213,61,213,61,216,61,217,62,217,62,220,63,220,64,220,64,232,63,232,62,232,62,239,61,239,61,239,61,241,60,241,59,241,59,244,58,244,57,244,57,246,56,246,56,246,56,248,53,248,53,246,52,246,50,246,50,244,49,244,48,244
101,142,109,142,110,142,110,140,119,140,120,140,120,139,122,139,122,140,123,140,124,140,124,145,125,145,126,145,126,162,126,163,127,163,127,187,128,187,129,187,129,225,130,225,131,225,131,244,130,244,129,244,129,246,121,246,121,246,121,248,116,248,116,248,116,249,108,249,108,238,107,237,106,237,106,224,106,223,105,223,105,206,104,206,103,206,103,163,102,162,101,162
126,15,131,15,131,18,131,19,147,19,147,20,148,20,149,20,149,22,150,22,151,22,151,25,151,26,152,26,152,32,153,33,154,33,154,44,155,45,156,45,156,76,156,76,157,76,157,115,158,116,159,116,159,154,160,154,161,154,161,175,161,175,162,175,162,192,163,192,164,192,164,199,163,199,162,199,162,204,163,205,164,205,164,216,163,216,162,217,162,223,163,224,164,224,164,242,163,242,162,243,162,244,140,244,140,243,139,242,138,242,138,239,139,239,140,239,140,234,139,234,138,234,138,205,137,204,136,204,136,185,136,185,135,185,135,158,134,157,133,157,133,132,132,131,131,131,131,105,131,105,130,105,130,79,129,79,128,79,128,59,127,58,126,58
166,78,167,78,168,77,168,74,169,74,170,74,170,72,179,72,180,72,180,71,191,71,191,82,191,83,192,83,192,100,193,100,194,100,194,131,195,132,196,132,196,168,196,168,197,168,197,171,196,171,196,172,196,175,196,175,197,175,197,204,198,205,199,205,199,211,198,211,197,211,197,213,196,213,196,211,196,211,185,211,184,211,184,213,178,213,178,198,177,197,176,197,176,172,176,171,175,171,175,152,174,152,173,152,173,135,172,135,171,135,171,119,171,119,170,119,170,102,169,102,168,102,168,83,167,82,166,82
230,24,247,24,247,63,248,64,249,64,249,67,248,67,247,67,247,81,248,81,249,81,249,89,248,89,247,90,247,197,248,198,249,198,249,199,248,199,247,199,247,202,248,203,249,203,249,213,248,213,247,213,247,235,248,236,249,236,249,237,248,237,247,238,247,239,248,239,249,239,249,246,248,246,247,246,247,248,236,248,236,246,236,246,230,246
251,72,252,72,253,72,253,57,261,57,261,58,261,59,262,59,262,162,263,163,264,163,264,164,263,164,262,165,262,166,263,166,264,166,264,173,263,173,262,173,262,197,263,198,264,198,264,216,263,216,262,217,262,220,253,220,253,192,252,192,251,192,251,191,252,191,253,190,253,184,252,183,251,183,251,182,252,182,253,182,253,95,252,95,251,95
266,31,279,31,279,32,280,33,281,33,281,32,281,31,282,31,282,105,283,105,284,105,284,107,283,107,282,107,282,152,281,152,281,152,281,175,281,175,282,175,282,176,281,176,281,177,281,178,281,178,282,178,282,185,281,185,281,185,281,213,281,213,282,213,282,235,281,235,281,236,281,237,276,237,276,236,276,235,271,235,271,236,271,237,268,237,268,236,267,235,266,235
