1,83,1,83,2,82,2,71,2,71,3,70,3,63,3,63,4,63,4,57,5,57,5,57,5,53,6,53,6,53,6,51,7,51,7,51,7,48,8,48,8,47,8,44,9,44,9,44,9,42,10,42,10,42,10,39,11,39,11,39,11,38,12,38,12,38,12,37,13,37,13,36,13,36,14,36,14,35,14,33,15,33,15,33,15,32,16,32,17,32,17,31,17,31,18,31,18,30,18,30,19,30,19,29,19,29,20,29,20,27,20,27,21,27,21,26,22,26,22,25,22,25,23,25,23,24,23,24,24,24,24,23,24,22,25,22,25,22,25,21,26,21,26,21,26,20,27,20,27,20,27,19,28,19,28,19,28,18,29,18,29,18,29,17,30,17,30,17,30,16,31,16,31,16,31,15,32,15,32,15,32,14,33,14,34,13,34,13,34,13,35,12,35,12,35,12,36,11,36,10,36,10,37,10,37,8,37,8,38,8,38,7,43,7,43,8,43,8,44,8,44,9,44,9,45,9,45,10,45,10,46,10,46,11,46,12,47,12,47,12,47,13,48,13,48,13,48,14,49,14,49,15,49,15,50,15,50,16,51,16,51,16,51,17,52,17,52,17,52,18,53,18,54,18,54,20,55,20,56,20,56,21,56,21,57,21,57,22,57,22,59,22,59,23,59,24,60,24,60,29,59,29,59,29,59,31,58,31,58,31,58,32,57,32,57,32,57,33,56,33,56,33,56,34,55,34,54,35,54,35,54,35,53,36,53,36,53,36,52,37,52,38,52,38,51,38,51,40,51,40,50,40,50,41,49,41,49,41,49,42,48,42,48,42,48,44,47,44,47,44,47,46,46,46,46,47,46,48,45,48,45,49,45,51,44,51,44,51,44,52,43,52,43,52,43,54,42,54,42,54,42,55,41,55,41,55,41,58,40,58,40,59,40,62,39,62,39,62,39,65,38,65,37,65,37,69,37,69,36,70,36,74,36,74,35,74,35,94,36,95,36,95,36,106,37,107,37,107,37,112,38,112,39,112,39,116,39,117,40,117,40,120,40,120,41,120,41,123,41,123,42,123,42,126,42,126,43,126,43,127,43,127,44,127,44,129,44,130,45,130,45,132,45,132,46,132,46,133,46,133,47,133,47,135,47,135,48,135,48,136,48,136,49,136,49,137,49,137,50,137,50,139,51,140,51,140,51,140,52,141,52,141,52,141,53,142,53,142,53,143,54,143,54,143,54,145,55,145,56,145,56,146,56,146,57,146,57,147,57,147,58,147,58,148,57,148,57,148,57,150,56,150,56,150,56,151,55,151,54,152,54,153,54,153,53,154,53,155,52,155,51,155,51,156,48,156,48,156,48,157,46,157,46,157,46,158,45,158,45,158,45,159,43,159,43,159,43,160,42,160,42,160,42,161,40,161,40,161,40,162,39,162,39,162,39,163,38,163,37,164,37,164,37,164,36,165,36,168,36,168,35,168,35,169,31,169,31,168,31,168,30,168,30,165,30,164,29,164,29,164,29,163,28,163,28,161,28,161,27,161,27,160,27,160,26,160,26,159,26,159,25,159,25,158,25,158,24,158,24,157,24,157,23,157,23,156,23,156,22,156,22,155,22,155,21,155,21,154,20,153,20,153,20,152,19,151,19,151,19,150,18,150,18,150,18,149,17,149,17,149,17,147,16,147,15,147,15,146,15,146,14,146,14,145,14,145,13,145,13,144,13,144,12,144,12,142,12,141,11,141,11,140,11,139,10,139,10,135,10,135,9,135,9,134,9,134,8,134,8,131,8,130,7,130,7,127,7,127,6,127,6,124,6,124,5,124,5,119,5,118,4,118,4,113,3,113,3,113,3,110,2,110,2,110,2,97,1,97,1,97
55,152,56,152,56,151,56,150,57,150,57,150,57,148,60,148,60,148,60,146,60,146,59,146,59,142,60,142,60,141,60,123,61,123,61,123,61,120,61,120,60,120,60,119,61,119,61,118,61,117,63,117,63,116,63,115,65,115,65,115,65,114,69,114,69,127,70,127,70,127,70,128,70,128,69,129,69,167,66,167,66,167,66,168,64,168,64,168,64,169,59,169,59,153,59,152,58,152,58,153,58,153,55,153
70,129,70,129,71,128,71,114,76,114,76,115,76,115,78,115,78,122,77,122,77,122,77,124,77,124,78,124,78,124,78,123,79,123,79,137,78,137,78,137,78,160,78,160,79,160,79,165,71,165,71,149,70,149,70,149
79,123,93,123,93,145,92,145,92,145,92,149,92,149,93,149,93,150,92,150,92,150,92,152,92,153,93,153,93,157,92,157,92,157,92,158,91,158,91,157,91,157,86,157,85,157,85,158,80,158,80,157,80,157,79,157
80,74,81,74,81,74,81,66,82,66,82,66,82,60,83,60,83,59,83,53,84,53,85,53,85,40,85,40,86,40,86,36,86,36,87,35,87,35,87,35,87,35,88,36,93,36,93,36,93,37,96,37,96,44,95,44,95,44,95,51,94,51,94,51,94,65,93,65,93,65,93,66,93,66,94,66,94,67,93,67,93,67,93,74,92,74,92,74,92,76,90,76,90,75,90,75,88,75,87,75,87,76,81,76,81,75,81,75,80,75
92,74,93,74,93,74,93,67,94,67,94,67,94,57,95,57,95,57,95,49,96,49,96,48,96,37,96,36,95,36,95,36,96,36,96,35,96,32,107,32,107,44,106,44,105,44,105,55,105,55,104,55,104,67,104,67,103,67,103,80,103,80,102,80,102,81,93,81,93,75,93,75,92,75
95,122,96,122,96,122,96,121,97,121,97,122,97,122,99,122,99,122,99,121,103,121,103,123,104,123,104,123,104,127,104,127,103,127,103,138,104,138,104,138,104,156,104,156,103,156,103,158,103,158,102,158,102,159,96,159,96,123,96,123,95,123
103,158,103,158,104,158,104,156,104,156,105,156,105,138,104,138,104,138,104,127,104,127,105,127,105,123,104,123,104,123,104,114,107,114,107,114,107,113,110,113,110,114,110,114,111,114,111,116,111,117,112,117,112,117,111,117,111,118,111,121,111,121,112,121,112,130,111,130,111,131,111,132,110,132,110,132,110,144,110,144,111,144,111,150,110,150,110,150,110,163,110,164,111,164,111,167,104,167,104,159,103,159,103,159
111,118,112,118,112,117,112,117,118,117,118,157,117,157,117,157,117,163,116,163,116,164,116,164,112,164,112,162,112,162,111,162,111,149,112,149,112,149,112,140,112,139,111,139,111,131,112,131,112,130,112,121,112,121,111,121
133,22,142,22,142,22,142,21,145,21,145,21,145,20,147,20,147,20,147,19,149,19,149,19,149,17,160,17,160,17,160,16,163,16,163,16,163,15,166,15,166,15,166,14,169,14,169,15,170,15,170,15,170,16,171,16,171,16,171,18,172,18,172,18,172,106,173,107,173,107,173,114,174,114,175,114,175,120,175,120,176,120,176,123,176,123,177,123,177,126,177,126,178,126,178,129,178,130,179,130,179,132,179,132,180,132,180,134,180,134,181,134,181,136,181,136,182,136,182,138,182,138,183,138,183,141,183,142,184,142,184,143,184,143,185,143,185,145,185,145,186,145,186,146,187,146,187,146,187,147,188,147,188,147,188,148,189,148,189,148,189,149,190,149,190,149,190,158,190,158,189,158,189,160,189,160,188,160,188,161,188,161,187,161,187,162,180,162,180,162,180,163,175,163,175,162,175,162,157,162,157,161,156,161,140,161,140,160,139,160,139,160,139,153,138,152,138,152,138,96,137,95,137,95,137,83,136,82,136,82,136,56,135,56,134,56,134,41,134,41,133,41
183,125,184,125,184,125,184,47,185,47,185,46,185,37,196,37,196,38,196,38,197,38,197,43,196,43,196,43,196,101,196,101,197,101,197,141,196,141,196,142,196,143,194,143,194,143,194,144,188,144,187,144,187,146,187,146,187,145,186,145,185,145,185,143,185,143,184,143,184,142,184,141,183,141,183,141,184,141,184,140,184,133,184,133,183,133
