0,303,1,303,2,302,2,296,4,296,4,300,4,300,13,300,14,300,14,298,15,298,16,298,16,291,18,291,18,291,18,289,20,289,20,291,21,291,25,291,25,293,25,293,27,293,27,298,28,298,29,298,29,300,30,300,41,300,41,302,42,303,46,303,46,304,46,305,48,305,48,307,49,307,50,307,50,314,51,314,53,314,53,325,53,326,55,326,55,337,56,337,58,337,58,342,58,342,60,342,60,348,60,349,62,349,62,351,63,351,65,351,65,355,65,356,67,356,67,360,67,361,69,361,69,367,70,368,72,368,72,376,72,377,74,377,74,385,75,386,76,386,76,392,77,393,79,393,79,397,79,398,81,398,81,402,82,402,83,402,83,406,84,407,86,407,86,411,86,412,88,412,88,416,89,416,90,416,90,420,91,421,93,421,93,429,93,430,95,430,95,432,96,432,97,432,97,436,98,437,100,437,100,441,100,442,102,442,102,446,103,446,104,446,104,448,105,449,107,449,107,450,107,451,109,451,109,453,110,453,111,453,111,457,112,458,114,458,114,462,114,462,116,462,116,467,117,467,118,467,118,473,119,474,123,474,123,476,124,476,125,476,125,478,126,479,128,479,128,480,128,481,130,481,130,483,131,483,133,483,133,487,133,488,135,488,135,497,133,497,133,497,133,499,89,499,89,497,88,497,86,497,86,495,86,494,82,494,82,493,81,492,77,492,77,490,76,490,72,490,72,488,72,487,70,487,70,486,69,485,67,485,67,481,67,480,65,480,65,476,65,476,63,476,63,469,62,469,60,469,60,465,60,464,58,464,58,460,58,460,56,460,56,456,55,455,53,455,53,453,53,453,51,453,51,449,50,448,49,448,49,444,48,443,46,443,46,442,46,441,44,441,44,437,43,436,42,436,42,430,41,429,39,429,39,428,39,427,37,427,37,425,36,425,35,425,35,421,34,420,32,420,32,418,32,418,30,418,30,416,29,416,28,416,28,412,27,411,25,411,25,407,25,406,23,406,23,402,22,402,21,402,21,398,20,397,18,397,18,393,18,392,16,392,16,391,15,390,14,390,14,386,13,385,11,385,11,384,11,383,9,383,9,379,8,379,7,379,7,372,6,372,4,372,4,368,4,367,2,367,2,363,1,362,0,362
105,194,107,194,107,193,107,189,109,189,110,189,110,187,123,187,124,186,124,185,128,185,128,184,128,182,133,182,133,182,133,180,140,180,140,179,140,178,154,178,154,179,154,180,161,180,161,182,161,182,163,182,163,214,164,215,165,215,165,260,166,261,168,261,168,274,168,275,170,275,170,286,171,287,172,287,172,300,173,300,175,300,175,309,175,310,177,310,177,314,178,314,179,314,179,321,180,321,182,321,182,325,182,326,184,326,184,330,185,331,186,331,186,335,187,335,189,335,189,342,189,342,191,342,191,344,192,344,193,344,193,346,194,347,196,347,196,353,196,354,198,354,198,358,192,358,191,358,191,360,182,360,182,361,182,362,180,362,180,361,179,360,161,360,161,361,161,362,154,362,154,361,154,360,152,360,152,354,151,353,150,353,150,344,149,344,147,344,147,340,147,339,145,339,145,335,144,335,142,335,142,333,142,332,140,332,140,328,140,328,138,328,138,321,137,321,135,321,135,317,135,316,133,316,133,310,133,309,131,309,131,305,130,304,128,304,128,293,128,293,126,293,126,282,125,281,124,281,124,266,123,265,121,265,121,254,121,254,119,254,119,247,118,247,117,247,117,240,116,240,114,240,114,233,114,233,112,233,112,231,111,230,110,230,110,224,109,223,107,223,107,208,107,207,105,207
173,194,184,194,185,193,185,192,219,192,219,193,220,194,222,194,222,219,222,219,224,219,224,240,225,240,226,240,226,254,227,254,229,254,229,272,229,273,231,273,231,286,232,287,233,287,233,302,234,303,236,303,236,321,236,321,238,321,238,344,239,344,240,344,240,374,227,374,227,372,226,372,220,372,220,370,219,369,215,369,215,368,215,367,213,367,213,365,212,365,210,365,210,363,210,362,203,362,203,361,203,360,201,360,201,356,200,355,199,355,199,354,200,354,201,353,201,349,200,348,199,348,199,335,198,335,196,335,196,324,196,323,194,323,194,310,193,309,192,309,192,298,191,298,189,298,189,289,189,288,187,288,187,273,186,272,185,272,185,256,184,256,182,256,182,247,182,247,180,247,180,233,179,233,178,233,178,217,177,217,175,217,175,203,175,203,173,203
192,391,196,391,196,390,196,388,205,388,206,388,206,386,219,386,219,392,220,393,222,393,222,411,222,412,224,412,224,432,225,432,226,432,226,443,227,444,229,444,229,455,229,456,231,456,231,469,232,469,233,469,233,483,234,483,236,483,236,494,236,495,238,495,238,499,213,499,213,490,212,490,210,490,210,479,210,478,208,478,208,467,208,467,206,467,206,453,205,453,203,453,203,444,203,443,201,443,201,435,200,434,199,434,199,425,198,425,196,425,196,416,196,416,194,416,194,402,193,402,192,402
199,111,205,111,206,110,206,108,208,108,208,108,208,106,210,106,210,105,210,104,212,104,213,103,213,101,217,101,217,101,217,99,222,99,222,98,222,97,224,97,225,96,225,94,226,94,227,94,227,92,231,92,232,92,232,90,236,90,236,89,236,87,240,87,241,87,241,85,243,85,243,87,243,87,247,87,247,92,246,92,245,92,245,94,243,94,243,94,243,96,241,96,240,97,240,98,239,98,238,99,238,101,236,101,236,101,236,103,234,103,233,104,233,105,232,105,231,106,231,108,227,108,226,108,226,110,225,110,224,111,224,112,222,112,222,113,222,115,220,115,219,115,219,117,201,117,201,115,200,115,199,115
236,414,238,414,239,413,239,412,240,412,240,413,241,414,252,414,252,434,253,435,254,435,254,457,255,458,257,458,257,494,255,494,254,495,254,499,246,499,246,474,245,473,243,473,243,458,243,457,241,457,241,437,240,436,239,436,239,418,238,418,236,418
241,236,257,236,257,244,257,245,259,245,259,277,260,277,261,277,261,309,262,310,264,310,264,325,264,326,266,326,266,328,264,328,264,328,264,330,248,330,248,317,247,316,246,316,246,287,245,286,243,286,243,256,243,256,241,256
295,159,297,159,297,159,297,150,308,150,308,196,297,196,297,189,297,189,295,189
302,331,304,331,304,330,304,317,313,317,313,318,314,319,315,319,315,365,307,365,306,365,306,367,304,367,304,358,304,358,302,358
311,150,325,150,325,170,323,170,322,171,322,198,311,198
328,173,329,173,330,173,330,171,336,171,337,170,337,168,339,168,339,193,337,193,337,192,336,191,328,191
