16,154,17,154,18,154,18,142,19,142,19,142,19,130,21,130,21,130,21,123,22,123,23,123,23,114,24,114,25,114,25,104,26,104,27,103,27,99,28,99,28,98,28,93,30,93,30,93,30,86,31,86,32,86,32,83,33,83,34,83,34,80,35,80,36,79,36,74,37,74,37,74,37,73,39,73,39,72,39,69,40,69,41,69,41,67,42,67,43,67,43,64,44,64,45,63,45,62,46,62,46,62,46,60,48,60,48,60,48,59,49,59,49,60,50,60,51,60,51,62,52,62,55,62,55,63,55,64,57,64,57,65,57,66,58,66,58,67,59,67,62,67,62,69,63,69,64,69,64,70,64,71,67,71,67,72,68,73,73,73,73,76,73,76,75,76,75,84,73,84,73,85,73,90,72,90,71,90,71,91,70,91,69,92,69,93,68,93,67,93,67,96,66,96,66,97,66,100,64,100,64,100,64,103,63,103,62,104,62,109,61,109,60,109,60,114,59,114,58,114,58,119,57,119,57,120,57,124,55,124,55,125,55,131,54,131,53,132,53,135,52,135,51,135,51,138,50,138,49,139,49,142,48,142,48,142,48,149,46,149,46,149,46,180,46,180,48,180,48,189,48,189,49,189,49,194,50,194,51,194,51,199,52,200,53,200,53,204,54,205,55,205,55,208,55,208,57,208,57,210,57,210,58,210,58,213,59,213,60,213,60,215,61,215,62,215,62,218,63,219,64,219,64,223,64,224,66,224,66,227,66,227,67,227,67,232,68,233,69,233,69,236,70,236,71,236,71,241,72,241,73,241,73,244,73,245,75,245,75,248,75,248,76,248,76,262,73,262,73,262,73,263,68,263,67,264,67,265,63,265,62,266,62,267,50,267,50,266,49,265,45,265,45,264,44,263,41,263,41,262,40,262,39,262,39,259,39,258,37,258,37,252,37,251,36,251,36,246,35,246,34,246,34,241,33,241,32,241,32,236,31,236,30,236,30,231,30,230,28,230,28,226,28,225,27,225,27,222,26,222,25,222,25,215,24,215,23,215,23,208,22,208,21,208,21,201,21,201,19,201,19,193,19,192,18,192,18,179,17,178,16,178
73,41,75,41,75,41,75,31,76,31,77,30,77,22,78,22,79,22,79,17,82,17,82,16,82,15,87,15,88,15,88,13,91,13,91,15,91,15,94,15,94,16,95,17,102,17,102,18,102,19,111,19,111,20,111,20,120,20,120,63,120,64,121,64,121,81,122,81,123,81,123,98,124,99,125,99,125,103,124,103,123,104,123,105,122,105,121,106,121,107,82,107,82,106,82,105,81,105,81,104,80,103,79,103,79,102,78,102,77,102,77,100,76,100,75,100,75,97,75,96,73,96,73,85,75,85,75,84,75,76,75,76,73,76
82,208,89,208,89,210,90,210,93,210,93,211,93,212,109,212,109,211,109,210,112,210,113,210,113,208,121,208,121,211,122,212,123,212,123,215,124,215,125,215,125,220,124,220,123,220,123,244,124,245,125,245,125,263,126,264,127,264,127,270,127,271,129,271,129,284,127,284,127,285,127,291,126,291,125,292,125,298,122,298,121,299,121,300,120,300,120,299,120,298,91,298,91,297,91,296,88,296,88,295,87,295,86,295,86,283,85,283,84,283,84,243,84,243,82,243
169,135,177,135,177,136,178,137,179,137,180,136,180,135,181,135,181,136,181,137,183,137,183,189,169,189
178,40,179,40,180,39,180,36,201,36,201,41,199,41,199,41,199,44,199,45,201,45,201,46,199,46,199,46,199,53,199,53,201,53,201,58,199,58,199,59,199,62,189,62,189,60,188,60,187,60,186,60,186,62,183,62,183,60,183,60,181,60,181,59,181,58,180,58,180,41,179,41,178,41
185,264,186,264,187,263,187,227,188,227,189,227,189,93,195,93,195,95,196,95,208,95,208,96,208,97,210,97,210,102,208,102,208,102,208,103,208,104,210,104,210,112,208,112,208,113,208,201,207,201,206,201,206,295,205,295,204,295,204,296,185,296
203,53,204,53,205,53,205,26,215,26,215,46,214,46,213,46,213,72,205,72,205,71,204,70,203,70
208,240,210,240,210,239,210,196,211,196,212,196,212,189,211,189,210,189,210,177,211,177,212,176,212,120,213,120,214,119,214,106,213,105,212,105,212,95,224,95,224,116,223,116,222,116,222,168,221,168,220,168,220,182,221,182,222,182,222,197,221,197,220,198,220,230,219,230,219,231,219,256,219,257,222,257,222,258,219,258,219,259,219,265,219,266,220,266,220,272,219,272,219,273,219,296,217,296,217,295,217,295,208,295,208,280,210,280,210,279,210,271,210,270,208,270
217,40,219,40,219,39,219,29,226,29,226,30,226,31,228,31,228,44,226,44,226,45,226,70,217,70
221,241,222,241,223,241,223,177,224,177,225,176,225,147,226,147,226,147,226,135,237,135,237,168,235,168,235,168,235,260,223,260,223,257,222,256,221,256
