79,191,80,191,81,191,81,185,82,185,82,186,83,187,88,187,88,223,89,223,91,223,91,305,91,306,93,306,93,309,83,309,83,288,82,287,81,287,81,203,80,203,79,203,79,199,80,199,81,199,81,197,80,197,79,197
99,183,124,183,124,233,124,233,126,233,126,297,126,298,128,298,128,314,104,314,104,312,103,311,101,311,101,203,101,203,99,203
135,247,136,247,137,247,137,243,138,243,139,243,139,239,141,239,141,239,141,235,143,235,143,235,143,229,145,229,145,229,145,225,151,225,151,227,151,227,161,227,161,231,160,231,159,231,159,235,158,235,157,235,157,239,156,239,155,239,155,243,154,243,153,243,153,247,151,247,151,247,151,251,145,251,145,252,145,253,143,253,143,252,143,251,135,251
141,272,143,272,143,271,143,268,145,268,145,267,145,264,147,264,147,263,147,260,149,260,149,259,149,256,151,256,151,255,151,252,153,252,154,251,154,250,155,250,156,249,156,245,157,245,158,245,158,241,159,241,160,241,160,237,161,237,162,237,162,231,163,231,164,231,164,227,165,227,166,227,166,221,168,221,168,221,168,215,172,215,172,217,172,217,186,217,186,223,185,223,184,223,184,227,183,227,182,227,182,231,181,231,180,231,180,235,178,235,178,235,178,237,176,237,176,237,176,241,174,241,174,241,174,245,172,245,172,245,172,249,170,249,170,250,170,251,168,251,168,252,168,255,166,255,165,256,165,259,164,259,163,260,163,263,162,263,161,264,161,267,160,267,159,268,159,273,158,273,157,274,157,275,143,275,143,274,143,273,141,273
162,129,172,129,172,128,172,127,174,127,174,152,174,153,176,153,176,195,176,195,178,195,178,205,166,205,166,193,165,193,164,193,164,143,163,142,162,142
164,266,165,266,166,265,166,264,168,264,168,263,168,260,170,260,170,259,170,256,172,256,172,255,172,254,174,254,174,253,174,250,176,250,176,249,176,243,178,243,178,243,178,239,180,239,181,239,181,237,182,237,183,237,183,235,184,235,185,235,185,233,186,233,186,235,187,235,197,235,197,241,195,241,195,241,195,245,193,245,193,245,193,251,191,251,190,252,190,255,189,255,188,256,188,259,187,259,186,260,186,261,185,261,184,262,184,265,183,265,182,266,182,269,181,269,180,270,180,271,166,271,165,272,165,273,164,273
166,290,168,290,168,289,168,288,178,288,178,305,178,306,180,306,180,314,178,314,178,314,178,316,178,316,180,316,180,318,178,318,178,318,178,342,178,342,180,342,180,360,181,360,182,360,182,366,168,366,168,346,168,346,166,346
203,213,205,213,206,213,206,211,209,211,210,211,210,209,211,209,211,211,212,211,213,211,213,215,214,215,215,215,215,217,216,217,218,217,218,219,218,219,220,219,220,223,220,223,222,223,222,227,222,227,224,227,224,233,224,233,226,233,226,255,224,255,224,256,224,263,222,263,222,264,222,269,220,269,220,270,220,275,218,275,218,276,218,279,216,279,215,280,215,281,214,281,213,282,213,285,210,285,210,284,209,283,206,283,206,282,205,281,203,281,203,278,205,278,206,277,206,274,207,274,208,273,208,270,209,270,210,269,210,266,211,266,212,265,212,260,213,260,214,259,214,233,213,233,212,233,212,227,211,227,210,227,210,223,209,223,208,223,208,221,207,221,206,221,206,217,205,217,203,217
203,189,205,189,206,189,206,185,207,185,208,184,208,183,209,183,210,182,210,181,220,181,220,182,220,183,222,183,222,186,222,187,224,187,224,189,224,189,226,189,226,191,226,191,228,191,228,195,228,195,230,195,230,197,231,197,232,197,232,199,233,199,234,199,234,201,235,201,236,201,236,205,237,205,238,205,238,209,239,209,240,209,240,213,241,213,242,213,242,219,243,219,245,219,245,227,245,227,247,227,247,237,247,237,249,237,249,253,247,253,247,254,247,265,245,265,245,266,245,273,243,273,242,274,242,279,241,279,240,280,240,283,239,283,238,284,238,287,237,287,236,288,236,291,235,291,234,292,234,295,233,295,232,296,232,297,231,297,230,298,230,299,228,299,228,300,228,301,226,301,226,302,226,303,224,303,224,304,224,305,220,305,220,306,220,307,218,307,218,308,218,309,216,309,215,310,215,311,214,311,214,310,213,309,210,309,210,308,209,307,208,307,208,306,207,305,206,305,206,300,207,300,208,299,208,298,209,298,210,297,210,296,211,296,212,295,212,292,213,292,214,291,214,290,215,290,216,289,216,288,218,288,218,287,218,284,220,284,220,283,220,282,222,282,222,281,222,278,224,278,224,277,224,274,226,274,226,273,226,270,228,270,228,269,228,264,230,264,231,263,231,252,232,252,233,251,233,239,232,239,231,239,231,231,230,231,228,231,228,225,228,225,226,225,226,221,226,221,224,221,224,217,224,217,222,217,222,213,222,213,220,213,220,211,220,211,218,211,218,209,218,209,216,209,216,205,215,205,214,205,214,203,213,203,212,203,212,201,211,201,210,201,210,199,209,199,208,199,208,197,207,197,206,197,206,195,205,195,203,195
233,0,253,0,253,35,247,35,247,36,247,37,233,37
253,0,265,0,265,1,266,2,267,2,267,13,266,13,265,14,265,15,264,15,263,16,263,27,264,28,265,28,265,29,266,30,267,30,267,35,255,35,255,14,255,13,253,13
258,173,259,173,260,172,260,167,261,167,261,168,262,169,270,169,270,209,270,209,272,209,272,324,260,324,260,225,259,225,258,225,258,219,259,219,260,219,260,209,259,209,258,209,258,197,259,197,260,197,260,177,259,176,258,176
266,0,292,0,292,33,274,33,274,34,274,35,270,35,270,34,270,33,268,33,268,28,267,27,266,27,266,14,267,14,268,13,268,2,267,1,266,1
