0,17,1,17,1,18,1,19,2,19,2,20,3,20,4,20,4,21,4,22,5,22,5,24,6,25,7,25,7,26,7,26,16,26,16,35,15,35,14,35,14,38,13,38,13,38,13,41,12,41,11,41,11,45,10,45,10,45,10,48,9,48,8,48,8,52,7,52,7,53,7,55,6,55,5,56,5,58,4,58,4,59,4,63,3,63,2,63,2,67,1,67,1,68,1,72,0,72
25,235,26,235,27,235,27,232,28,232,28,232,28,226,29,226,30,226,30,222,31,222,31,221,31,214,32,214,33,214,33,210,34,210,34,210,34,202,35,202,36,202,36,197,37,197,37,196,37,191,38,191,39,190,39,186,40,186,40,186,40,179,41,179,42,178,42,173,43,173,43,172,43,167,44,167,45,167,45,161,46,161,46,161,46,157,47,157,48,156,48,151,49,151,49,150,49,145,50,145,51,144,51,140,52,140,52,140,52,136,53,136,54,135,54,131,55,131,55,131,55,127,56,127,57,127,57,122,58,122,58,122,58,118,59,118,60,118,60,112,61,112,61,112,61,108,62,108,63,107,63,105,64,105,64,104,64,103,65,103,66,103,66,102,70,102,70,101,70,100,79,100,79,101,79,102,85,102,85,103,85,103,86,103,86,109,85,109,85,109,85,115,84,115,83,115,83,122,82,122,82,122,82,130,81,130,80,130,80,135,79,135,79,136,79,141,78,141,77,142,77,147,76,147,76,148,76,152,75,152,74,152,74,158,73,158,73,158,73,164,72,164,71,164,71,170,70,170,70,170,70,174,69,174,68,174,68,183,67,183,67,183,67,190,66,190,65,191,65,199,64,199,64,200,64,210,63,210,62,210,62,214,61,214,61,214,61,218,60,218,59,219,59,223,58,223,58,223,58,227,57,227,56,228,56,232,55,232,55,232,55,238,54,238,53,238,53,242,52,242,52,242,52,245,48,245,47,245,47,247,43,247,43,245,43,245,39,245,38,245,38,247,37,247,37,245,37,245,33,245,33,244,32,244,25,244
81,287,82,287,82,287,82,281,83,281,84,281,84,272,85,272,85,272,85,266,86,266,87,266,87,257,88,257,88,257,88,248,89,248,90,248,90,240,91,240,91,239,91,232,92,232,93,232,93,225,94,225,94,224,94,217,95,217,96,217,96,210,106,210,106,214,105,214,104,214,104,220,103,220,103,220,103,230,102,230,101,231,101,239,100,239,100,240,100,248,99,248,98,248,98,258,97,258,97,259,97,269,96,269,95,269,95,281,94,281,94,281,94,285,93,285,92,285,92,291,91,291,91,291,91,292,84,292,84,291,83,291,81,291
100,263,101,263,102,263,102,254,103,254,103,254,103,245,104,245,105,245,105,237,106,237,106,236,106,228,107,228,108,227,108,219,109,219,109,218,109,214,118,214,118,217,117,217,116,217,116,226,115,226,115,226,115,236,114,236,113,237,113,245,112,245,112,245,112,254,111,254,110,254,110,267,109,267,109,268,109,275,108,275,107,275,107,276,105,276,104,277,104,278,102,278,102,275,101,275,100,275
108,81,109,81,109,81,109,77,112,77,112,78,112,78,116,78,117,78,117,77,118,77,118,76,118,75,119,75,119,76,120,77,121,77,121,78,121,78,122,78,122,95,121,95,121,94,121,94,118,94,118,94,118,95,114,95,113,96,113,97,108,97
105,179,106,179,106,178,106,171,107,171,108,171,108,165,109,165,109,165,109,162,110,162,111,162,111,158,112,158,112,158,112,155,113,155,114,155,114,152,115,152,115,152,115,148,116,148,117,147,117,145,118,145,118,144,118,140,119,140,120,140,120,136,121,136,121,135,121,133,122,133,123,132,123,127,124,127,124,127,124,121,125,121,126,121,126,114,127,114,127,113,127,112,142,112,142,113,142,114,151,114,151,121,150,121,149,121,149,127,148,127,148,127,148,131,147,131,146,131,146,135,145,135,145,136,145,138,144,138,143,139,143,141,142,141,142,142,142,146,141,146,140,146,140,149,139,149,139,149,139,153,138,153,137,154,137,158,136,158,136,158,136,161,135,161,134,161,134,165,133,165,133,165,133,168,132,168,131,168,131,174,130,174,130,174,130,177,129,177,128,177,128,180,127,180,127,180,127,183,126,183,125,183,125,184,124,184,124,185,124,186,123,186,122,186,122,187,118,187,118,188,118,189,106,189,106,188,106,187,105,187
112,256,113,256,114,255,114,244,115,244,115,244,115,235,116,235,117,235,117,226,118,226,118,226,118,214,119,214,120,214,120,213,121,213,121,214,121,214,128,214,128,221,127,221,127,222,127,233,126,233,125,234,125,242,124,242,124,242,124,254,123,254,122,254,122,269,121,269,121,269,121,278,118,278,118,277,118,276,115,276,115,277,115,278,114,278,114,277,113,276,112,276
118,62,119,62,120,61,120,60,121,60,121,60,121,59,122,59,123,58,123,57,131,57,132,57,132,56,146,56,146,57,147,57,148,57,148,58,148,59,151,59,151,69,150,69,149,69,149,78,150,78,151,78,151,85,151,85,152,85,152,95,153,96,154,96,154,107,150,107,149,108,149,109,147,109,147,108,146,107,135,107,135,106,134,106,130,106,130,105,130,104,129,104,129,103,128,103,127,103,127,100,127,100,126,100,126,99,125,98,124,98,124,97,124,97,123,97,123,78,122,78,121,78,121,77,121,76,120,76,120,69,119,69,118,69
121,285,122,285,123,285,123,272,124,272,124,272,124,259,125,259,126,258,126,245,127,245,127,245,127,235,128,235,129,235,129,220,130,220,130,220,130,213,139,213,139,230,138,230,137,231,137,239,136,239,136,240,136,251,135,251,134,251,134,266,133,266,133,266,133,278,132,278,131,278,131,290,123,290,123,288,122,288,121,288
127,41,128,41,129,41,129,32,130,32,130,32,130,22,131,22,132,21,132,20,134,20,134,21,135,22,136,22,136,21,136,20,139,20,139,29,138,29,137,29,137,47,136,47,136,47,136,48,127,48
135,269,136,269,136,269,136,254,137,254,138,254,138,241,139,241,139,241,139,231,140,231,141,230,141,214,142,214,142,214,142,213,151,213,151,238,150,238,149,238,149,254,148,254,148,254,148,267,147,267,146,268,146,275,147,275,148,275,148,276,147,276,146,277,146,279,145,279,145,280,145,290,144,290,143,290,143,292,142,292,142,293,142,303,141,303,141,302,140,301,139,301,139,299,139,298,138,298,138,297,137,297,136,297,136,294,136,294,135,294
141,28,142,28,142,27,142,19,143,19,144,18,144,10,145,10,145,10,145,8,149,8,149,12,148,12,148,13,148,24,147,24,146,25,146,36,141,36
148,28,149,28,150,27,150,17,151,17,151,17,151,7,155,7,156,7,156,5,157,5,157,11,156,11,155,11,155,26,154,26,154,26,154,30,148,30
147,274,148,274,148,273,148,266,149,266,150,266,150,247,151,247,151,247,151,232,152,232,153,232,153,213,154,213,154,212,154,211,164,211,164,212,165,213,166,213,166,236,165,236,164,237,164,250,163,250,163,250,163,261,162,261,161,262,161,276,160,276,160,277,160,278,159,278,158,278,158,279,157,279,157,278,157,278,148,278,148,275,148,275,147,275
154,160,155,160,156,159,156,143,157,143,157,143,157,142,163,142,163,164,162,164,161,164,161,171,160,171,160,170,160,170,154,170
157,16,158,16,159,15,159,2,163,2,163,2,163,1,164,1,164,20,163,20,163,20,163,21,157,21
160,171,161,171,162,171,162,164,163,164,163,164,163,140,164,140,165,140,165,133,172,133,172,138,171,138,170,139,170,158,169,158,169,158,169,174,168,174,167,174,167,181,160,181
166,57,167,57,168,57,168,47,173,47,173,60,172,60,172,60,172,66,166,66
169,72,170,72,171,72,171,66,172,66,172,66,172,60,173,60,174,60,174,45,179,45,179,63,178,63,178,63,178,72,177,72,176,72,176,79,169,79
172,23,173,23,174,23,174,1,175,1,175,1,175,0,182,0,182,12,181,12,181,13,181,29,180,29,179,29,179,32,178,32,178,32,178,33,177,33,176,34,176,35,175,35,175,34,175,33,174,33,174,31,173,30,172,30
181,112,182,112,183,112,183,85,184,85,184,85,184,82,193,82,193,98,192,98,191,99,191,113,186,113,185,114,185,115,183,115,183,114,182,113,181,113
201,305,202,305,202,304,202,299,203,299,204,298,204,294,205,294,205,294,205,291,206,291,207,291,207,288,208,288,208,288,208,287,211,287,211,288,211,288,212,288,212,292,211,292,211,293,211,297,210,297,209,297,209,301,208,301,208,302,208,309,207,309,206,309,206,316,207,317,208,317,208,319,201,319
