18,55,19,55,20,55,20,34,21,34,21,33,21,21,22,21,22,21,22,12,23,12,24,12,24,11,25,11,25,11,25,10,36,10,36,11,37,11,59,11,60,11,60,10,69,10,69,11,70,11,71,11,71,12,71,12,75,12,75,15,74,15,73,15,73,18,72,18,72,18,72,19,71,19,71,20,71,21,70,21,69,21,69,22,68,22,68,22,68,23,67,23,66,24,66,25,65,25,65,25,65,26,64,26,63,27,63,28,62,28,62,28,62,31,61,31,61,31,61,33,60,33,59,34,59,35,58,35,58,35,58,38,57,38,56,38,56,39,55,39,55,40,55,44,54,44,53,44,53,46,52,46,52,47,52,49,51,49,51,50,51,52,50,52,49,52,49,56,48,56,48,57,48,61,47,61,46,61,46,65,45,65,45,65,45,72,44,72,43,72,43,81,42,81,42,81,42,95,41,95,41,95,41,111,41,111,42,111,42,135,42,135,43,135,43,145,44,145,45,145,45,151,45,151,46,151,46,155,47,156,48,156,48,159,48,160,49,160,49,164,50,164,51,164,51,168,51,168,52,168,52,172,52,173,53,173,53,177,54,177,55,177,55,179,55,180,56,180,56,184,57,184,58,184,58,188,58,188,59,188,59,194,57,194,56,194,56,195,40,195,39,196,39,197,37,197,37,196,36,195,31,195,31,194,31,194,30,194,30,193,29,192,28,192,28,191,28,191,27,191,27,190,26,189,25,189,25,188,25,188,21,188,21,181,21,181,20,181,20,111,19,111,18,111
135,91,136,91,137,91,137,78,138,78,138,78,138,64,139,64,140,64,140,52,141,52,141,52,141,40,142,40,142,39,142,37,145,37,145,38,145,38,148,38,148,38,148,37,153,37,153,46,154,47,155,47,155,68,155,68,156,68,156,79,157,80,158,80,158,92,158,93,159,93,159,109,158,109,158,110,158,111,158,111,159,111,159,112,158,112,158,113,158,137,157,137,156,137,156,168,155,168,155,168,155,185,142,185,142,184,142,184,141,184,141,168,141,168,140,168,140,154,139,154,138,154,138,134,138,134,137,134,137,115,136,115,135,115
190,80,198,80,198,81,198,81,201,81,201,99,200,99,199,100,199,132,190,132
201,103,202,103,202,102,202,75,209,75,209,76,210,77,213,77,213,135,212,135,212,135,212,137,201,137,201,128,202,128,202,128,202,125,202,125,201,125
208,32,212,32,212,32,212,31,213,31,213,32,214,32,215,32,215,42,214,42,213,42,213,48,214,48,215,48,215,54,212,54,212,54,212,55,208,55
218,83,226,83,226,128,227,128,228,128,228,131,227,131,226,131,226,132,220,132,220,131,219,131,218,131
221,45,222,45,222,45,222,35,223,35,224,35,224,34,228,34,228,39,227,39,226,40,226,45,227,45,228,45,228,52,221,52
228,32,235,32,235,42,234,42,233,42,233,52,234,52,235,52,235,55,228,55
235,31,239,31,239,32,240,32,241,32,241,33,240,33,239,34,239,52,240,52,241,52,241,54,240,54,239,54,239,55,235,55
284,62,286,62,286,64,287,64,289,64,290,64,290,62,296,62,296,66,297,67,298,67,298,94,298,94,299,94,299,99,300,100,301,100,301,184,300,184,299,184,299,195,300,196,301,196,301,204,300,204,299,204,299,205,298,205,298,206,298,207,295,207,295,206,295,205,294,205,294,204,293,204,292,204,292,203,292,202,291,202,291,200,291,200,290,200,290,197,289,197,288,197,288,196,288,195,287,195,287,193,286,192,285,192,285,191,286,191,287,191,287,188,289,188,290,188,290,187,291,187,291,187,291,184,291,184,290,184,290,183,289,182,285,182,285,180,285,179,284,179
300,94,301,94,301,94,301,71,302,71,302,71,302,12,302,12,301,12,301,4,302,4,302,3,302,2,315,2,315,198,315,198,316,198,316,210,315,210,315,210,315,211,302,211,302,210,303,210,304,210,304,204,303,204,302,204,302,180,302,179,301,179,301,100,301,99,300,99
