125,96,126,96,127,95,127,93,129,93,129,93,129,91,131,91,131,90,131,89,138,89,138,88,138,86,142,86,143,86,143,84,149,84,150,83,150,82,156,82,157,81,157,79,159,79,159,79,159,75,161,75,162,74,162,72,166,72,166,72,166,70,170,70,171,69,171,67,177,67,178,67,178,65,186,65,187,65,187,63,191,63,192,62,192,60,193,60,194,60,194,58,200,58,201,58,201,56,207,56,208,55,208,53,214,53,215,53,215,51,226,51,226,50,226,49,263,49,263,50,263,51,270,51,270,53,270,53,274,53,274,55,275,56,279,56,279,58,280,58,281,58,281,60,282,60,284,60,284,62,284,63,286,63,286,65,287,65,295,65,295,67,296,67,309,67,309,69,310,70,316,70,316,72,317,72,318,72,318,76,319,77,321,77,321,83,321,84,323,84,323,107,324,107,325,107,325,109,326,110,328,110,328,114,328,114,330,114,330,116,331,117,332,117,332,118,331,118,330,119,330,121,324,121,323,121,323,123,321,123,321,124,321,125,314,125,314,124,314,123,310,123,310,121,309,121,293,121,293,121,293,123,289,123,288,124,288,125,287,125,286,126,286,128,273,128,272,128,272,130,263,130,263,128,263,128,261,128,261,126,260,125,259,125,258,126,258,128,256,128,256,128,256,130,252,130,252,128,251,128,250,128,250,121,251,121,252,121,252,119,251,118,247,118,247,119,247,121,243,121,243,119,242,118,217,118,217,119,217,123,206,123,206,121,205,121,201,121,201,119,200,118,182,118,182,119,182,121,166,121,166,121,166,123,159,123,159,124,159,125,155,125,154,126,154,128,150,128,150,126,149,125,148,125,148,121,147,121,145,121,145,117,145,116,141,116,141,114,140,114,136,114,136,112,135,111,131,111,131,110,131,109,125,109,125,107,126,107,127,107,127,105,140,105,141,104,141,103,140,102,131,102,131,100,131,100,125,100
148,133,149,133,150,133,150,128,154,128,155,128,155,126,159,126,159,125,159,124,166,124,166,123,166,121,182,121,182,121,182,119,200,119,200,121,201,121,205,121,205,123,206,124,214,124,214,125,212,125,212,126,212,128,210,128,210,128,210,130,208,130,207,131,207,135,206,135,205,135,205,142,203,142,203,142,203,144,201,144,200,145,200,154,201,154,203,154,203,168,203,168,205,168,205,177,203,177,203,178,203,189,201,189,200,189,200,231,199,231,198,232,198,233,196,233,196,225,196,224,185,224,185,222,184,222,180,222,179,222,179,224,173,224,173,222,173,222,166,222,166,222,166,224,162,224,162,220,161,219,159,219,159,203,159,203,157,203,157,194,156,193,155,193,155,182,154,182,152,182,152,178,152,177,150,177,150,173,149,172,148,172
201,145,203,145,203,144,203,142,205,142,206,142,206,135,207,135,208,135,208,131,210,131,210,130,210,128,212,128,212,128,212,126,214,126,215,125,215,124,219,124,219,125,219,126,223,126,223,128,224,128,226,128,226,128,226,126,237,126,238,125,238,124,242,124,243,123,243,121,247,121,247,121,247,119,251,119,251,121,250,121,249,121,249,128,250,128,251,128,251,130,252,131,256,131,256,130,256,128,258,128,259,128,259,126,260,126,260,128,261,128,263,128,263,130,263,131,270,131,270,135,261,135,260,135,260,137,259,137,258,138,258,154,256,154,256,154,256,163,256,164,258,164,258,175,259,175,260,175,260,179,259,179,258,180,258,212,250,212,249,213,249,215,231,215,230,215,230,217,222,217,221,217,221,219,215,219,215,217,214,217,212,217,212,210,212,210,210,210,210,199,210,198,208,198,208,189,207,189,206,189,206,168,205,168,203,168,203,154,203,154,201,154
233,241,247,241,247,245,245,245,244,246,244,247,238,247,238,246,237,245,233,245
247,243,249,243,250,243,250,241,251,241,252,240,252,239,254,239,254,238,254,236,256,236,256,236,256,232,258,232,259,231,259,227,260,227,261,226,261,192,260,191,259,191,259,180,260,180,261,179,261,175,260,175,259,175,259,164,258,163,256,163,256,154,258,154,259,154,259,150,260,150,261,149,261,147,263,147,263,147,263,142,265,142,266,142,266,135,270,135,270,135,270,131,272,131,273,130,273,128,286,128,287,128,287,126,288,126,289,125,289,124,293,124,293,123,293,121,309,121,309,123,310,124,314,124,314,125,314,126,316,126,316,128,298,128,298,128,298,130,296,130,295,131,295,133,291,133,291,131,291,130,287,130,286,131,286,133,277,133,277,133,277,135,275,135,274,135,274,140,273,140,272,140,272,142,273,142,274,142,274,144,275,145,279,145,279,147,280,147,288,147,288,149,289,150,295,150,295,156,296,157,298,157,298,205,296,205,295,206,295,222,293,222,293,222,293,229,291,229,291,229,291,236,289,236,288,236,288,247,287,247,286,248,286,252,284,252,284,253,284,254,256,254,256,253,256,252,254,252,254,250,254,250,252,250,252,248,251,247,250,247,250,246,249,245,247,245
321,281,323,281,324,280,324,274,325,274,326,273,326,264,328,264,328,264,328,257,330,257,331,257,331,253,332,253,333,252,333,246,335,246,335,245,335,239,337,239,337,238,337,232,339,232,340,231,340,225,342,225,342,224,342,215,344,215,344,215,344,203,346,203,347,203,347,159,346,158,344,158,344,145,344,144,342,144,342,131,342,130,340,130,340,121,339,121,337,121,337,114,337,114,335,114,335,107,335,107,333,107,333,100,332,100,331,100,331,96,330,95,328,95,328,86,330,86,331,86,331,84,337,84,337,83,337,82,353,82,353,90,354,91,355,91,355,97,356,98,358,98,358,104,358,105,360,105,360,111,361,112,362,112,362,116,363,117,365,117,365,123,365,124,367,124,367,133,368,133,369,133,369,144,370,145,372,145,372,156,372,157,374,157,374,222,372,222,372,222,372,233,370,233,369,234,369,245,368,245,367,246,367,252,365,252,365,253,365,259,363,259,362,260,362,264,361,264,360,264,360,271,358,271,358,271,358,278,356,278,355,278,355,287,354,287,353,288,353,294,347,294,347,292,346,292,342,292,342,290,342,290,337,290,337,288,337,287,333,287,333,285,332,285,324,285,324,283,323,283,321,283
398,152,399,152,400,151,400,147,406,147,406,149,407,150,411,150,411,210,398,210
414,138,418,138,418,140,418,140,425,140,425,231,414,231
425,234,427,234,428,233,428,135,429,135,429,137,430,138,441,138,441,140,439,140,439,140,439,247,425,247
446,168,453,168,453,170,453,171,455,171,455,172,453,172,453,173,453,210,453,210,455,210,455,212,453,212,453,213,453,215,451,215,451,213,450,212,446,212
458,166,460,166,460,165,460,164,471,164,471,170,472,171,473,171,473,210,460,210,460,187,460,186,458,186,458,180,460,180,460,179,460,178,460,177,458,177
476,161,483,161,483,172,483,173,485,173,485,186,483,186,483,187,483,189,483,189,485,189,485,198,483,198,483,199,483,208,483,208,485,208,485,210,483,210,483,210,483,212,476,212
483,187,485,187,486,186,486,157,492,157,492,186,490,186,490,187,490,200,490,201,492,201,492,219,486,219,486,217,485,217,483,217,483,210,485,210,486,210,486,208,485,208,483,208,483,199,485,199,486,198,486,189,485,189,483,189
