96,83,98,83,98,82,98,74,100,74,100,74,100,71,101,71,102,70,102,67,103,67,103,67,103,65,105,65,105,65,105,62,107,62,107,62,107,60,108,60,109,60,109,59,110,59,111,58,111,55,115,55,115,58,116,59,117,59,117,60,118,60,119,60,119,62,119,62,121,62,121,65,119,65,119,65,119,67,118,67,117,67,117,69,116,69,115,69,115,70,114,70,114,71,114,74,112,74,112,74,112,75,111,75,110,76,110,81,109,81,108,81,108,101,109,102,110,102,110,105,111,105,112,105,112,108,112,109,114,109,114,112,114,112,115,112,115,114,116,114,117,114,117,115,118,116,119,116,119,117,119,118,121,118,121,119,119,119,119,119,119,121,118,121,117,121,117,122,116,122,115,123,115,128,112,128,112,125,112,124,111,124,111,123,110,122,109,122,109,121,108,121,107,121,107,119,107,119,105,119,105,118,105,117,103,117,103,114,103,114,102,114,102,111,101,110,100,110,100,107,100,107,98,107,98,98,98,98,96,98
114,215,144,215,144,233,144,234,145,234,145,343,144,343,144,343,144,358,141,358,140,359,140,360,119,360,119,309,119,308,118,308,118,270,117,270,116,270,116,244,115,244,114,244
153,64,154,64,155,63,155,62,161,62,161,75,162,76,163,76,163,79,162,79,161,79,161,115,156,115,156,114,156,114,155,114,155,104,154,103,153,103
149,215,165,215,165,214,165,213,170,213,170,214,170,215,179,215,179,239,179,239,181,239,181,270,181,270,182,270,182,325,181,325,181,326,181,346,181,347,182,347,182,358,174,358,174,359,174,360,158,360,158,361,158,362,153,362,153,361,152,360,151,360,151,352,151,351,149,351,149,350,151,350,151,350,151,220,151,220,149,220
170,118,172,118,172,117,172,116,174,116,174,115,174,114,175,114,176,114,176,111,177,111,178,110,178,109,179,109,179,108,179,105,181,105,181,105,181,100,182,100,183,100,183,79,182,79,181,79,181,74,181,74,179,74,179,69,179,69,178,69,178,65,177,65,176,65,176,64,175,63,174,63,174,60,174,60,172,60,172,59,175,59,176,58,176,57,177,57,178,56,178,55,179,55,179,55,179,53,182,53,182,55,183,55,184,55,184,58,185,59,186,59,186,60,186,60,188,60,188,63,188,64,189,64,189,67,190,67,191,67,191,72,192,72,193,72,193,77,193,78,195,78,195,100,193,100,193,100,193,107,192,107,191,107,191,112,190,112,189,112,189,115,188,115,188,116,188,119,186,119,186,119,186,121,185,121,184,121,184,122,183,122,182,123,182,124,181,124,181,125,181,126,178,126,178,125,177,124,176,124,176,123,175,122,174,122,174,121,174,121,172,121,172,119,172,119,170,119
207,171,219,171,219,190,220,190,221,190,221,220,220,220,219,220,219,221,213,221,212,222,212,223,209,223,209,215,209,214,207,214
209,293,214,293,214,294,215,295,218,295,218,294,218,293,219,293,219,312,213,312,212,312,212,313,211,313,211,310,211,310,209,310
213,79,214,79,215,79,215,50,216,50,216,49,216,48,228,48,228,75,229,76,230,76,230,122,230,123,232,123,232,128,220,128,219,128,219,129,215,129,215,93,214,93,213,93
213,442,214,442,215,442,215,373,226,373,227,372,227,371,228,371,228,454,227,454,226,454,226,456,225,456,225,454,225,454,213,454
220,345,221,345,222,345,222,312,223,312,223,312,223,274,223,273,222,273,222,258,233,258,233,348,232,348,232,348,232,350,230,350,230,348,230,348,222,348,222,347,221,346,220,346
222,175,226,175,227,174,227,173,233,173,233,211,234,211,235,211,235,220,234,220,233,220,233,221,223,221,223,182,223,181,222,181
269,236,270,236,270,237,271,237,281,237,281,313,280,313,279,314,279,319,278,319,278,319,278,324,273,324,272,324,272,327,271,327,271,319,270,319,269,319,269,317,270,317,271,317,271,309,270,308,269,308,269,303,270,303,271,303,271,246,270,246,269,246
