8,447,9,447,10,447,10,439,12,439,12,439,12,435,14,435,14,436,14,437,18,437,18,441,16,441,16,441,16,447,14,447,14,447,14,466,14,466,16,466,16,470,16,470,18,470,18,474,14,474,14,475,14,476,12,476,12,472,12,472,10,472,10,466,9,466,8,466
18,447,20,447,20,447,20,441,22,441,23,441,23,439,26,439,26,441,27,441,30,441,30,443,29,443,28,443,28,447,27,447,26,447,26,464,27,464,28,464,28,468,29,468,30,468,30,470,29,470,28,470,28,472,23,472,23,470,22,470,20,470,20,466,20,466,18,466
31,35,32,35,33,34,33,27,43,27,43,28,43,29,51,29,51,86,52,87,53,87,53,95,48,95,48,93,47,93,37,93,37,91,37,91,35,91,35,81,35,80,33,80,33,45,32,45,31,45
43,460,45,460,46,459,46,450,53,450,53,464,46,464,46,462,45,461,43,461
52,475,53,475,54,474,54,472,56,472,56,472,56,470,58,470,58,470,58,468,60,468,60,468,60,464,62,464,62,464,62,458,64,458,64,457,64,454,64,453,62,453,62,445,62,445,60,445,60,441,60,441,58,441,58,439,58,439,56,439,56,435,58,435,58,434,58,433,60,433,60,434,60,435,64,435,64,439,64,439,66,439,66,441,67,441,68,441,68,447,69,447,70,447,70,464,69,464,68,464,68,470,67,470,66,470,66,474,64,474,64,475,64,478,62,478,62,479,62,480,52,480
54,45,56,45,56,45,56,43,58,43,58,45,58,45,66,45,66,84,56,84,56,58,56,57,54,57
52,110,72,110,72,111,73,112,76,112,76,122,77,122,79,122,79,132,79,133,81,133,81,134,79,134,79,135,79,136,79,137,81,137,81,145,81,145,83,145,83,153,83,154,85,154,85,161,85,162,87,162,87,172,87,172,89,172,89,180,90,181,91,181,91,189,92,189,93,189,93,195,94,195,95,195,95,205,96,206,97,206,97,218,94,218,93,218,93,220,92,220,91,220,91,222,87,222,87,220,87,220,81,220,81,218,81,218,79,218,79,212,79,211,77,211,77,206,76,205,75,205,75,200,74,199,73,199,73,191,72,191,71,191,71,183,70,182,69,182,69,177,68,176,67,176,67,168,66,168,64,168,64,160,64,159,62,159,62,152,62,151,60,151,60,141,60,141,58,141,58,133,58,132,56,132,56,125,56,124,54,124,54,118,53,118,52,118
56,422,62,422,62,424,62,425,64,425,64,426,64,427,66,427,66,428,67,429,68,429,68,430,69,431,70,431,70,432,71,433,72,433,72,434,71,434,70,435,70,436,67,436,67,435,66,434,60,434,60,433,60,432,58,432,58,429,58,428,56,428
69,47,70,47,71,47,71,45,93,45,93,89,79,89,79,87,79,86,71,86,71,85,70,84,69,84
79,135,83,135,83,134,83,133,87,133,87,134,87,135,89,135,89,145,90,145,91,145,91,155,92,156,93,156,93,164,94,164,95,164,95,176,96,177,97,177,97,186,98,187,99,187,99,193,94,193,94,189,93,189,92,189,92,187,93,187,94,186,94,185,93,184,92,184,92,181,91,180,90,180,90,172,89,172,87,172,87,170,89,170,90,170,90,164,89,164,87,164,87,162,87,161,85,161,85,160,87,160,87,159,87,156,87,155,85,155,85,145,85,145,81,145,81,143,83,143,83,143,83,137,83,136,79,136
87,222,91,222,92,222,92,220,93,220,94,220,94,218,97,218,97,228,98,229,99,229,99,239,100,239,102,239,102,245,102,245,104,245,104,253,104,254,106,254,106,257,98,257,98,252,97,251,96,251,96,241,95,241,94,241,94,235,93,234,92,234,92,229,91,228,90,228,90,225,89,224,87,224
98,150,108,150,108,155,108,156,110,156,110,164,110,164,112,164,112,172,113,172,114,172,114,178,106,178,106,179,106,180,102,180,102,172,102,172,100,172,100,164,99,164,98,164
102,183,108,183,108,191,108,191,110,191,110,199,110,200,112,200,112,203,104,203,104,193,104,193,102,193
108,183,114,183,114,191,115,191,116,191,116,201,117,202,118,202,118,211,119,212,120,212,120,218,115,218,115,216,114,216,113,216,113,200,112,199,110,199,110,191,110,191,108,191
115,183,118,183,118,184,119,185,120,185,120,201,117,201,117,191,116,191,115,191
121,225,129,225,129,234,129,235,131,235,131,245,131,245,133,245,133,259,127,259,127,256,127,255,125,255,125,243,125,243,123,243,123,237,123,236,121,236
131,416,133,416,134,416,134,410,135,410,136,409,136,404,137,404,138,403,138,395,139,395,140,395,140,389,141,389,142,389,142,383,143,383,144,382,144,377,146,377,146,376,146,370,148,370,148,370,148,364,150,364,150,364,150,358,152,358,152,357,152,352,154,352,154,351,154,343,156,343,157,343,157,339,158,339,159,339,159,333,160,333,161,332,161,329,162,329,163,328,163,325,166,325,167,324,167,322,169,322,169,324,169,325,179,325,179,326,180,327,187,327,187,336,188,337,190,337,190,339,188,339,187,339,187,341,186,341,185,341,185,345,184,345,183,345,183,349,182,349,181,350,181,355,180,355,179,356,179,361,177,361,177,362,177,366,175,366,175,366,175,372,173,372,173,372,173,380,171,380,171,381,171,386,169,386,169,387,169,395,167,395,166,395,166,401,165,401,164,402,164,409,163,409,162,410,162,416,161,416,160,416,160,422,159,422,158,422,158,428,150,428,150,427,150,426,140,426,140,425,139,424,136,424,136,422,135,422,131,422
154,0,171,0,171,14,169,14,169,12,169,11,157,11,157,4,156,3,154,3
154,306,156,306,157,305,157,297,158,297,159,297,159,291,160,291,161,291,161,285,162,285,163,284,163,279,164,279,165,278,165,275,166,275,167,274,167,270,169,270,169,270,169,266,185,266,186,266,186,262,187,262,187,272,186,272,185,272,185,276,184,276,184,275,183,274,182,274,181,275,181,280,182,281,185,281,185,282,184,282,183,283,183,284,182,284,182,283,181,282,180,282,179,283,179,286,177,286,177,287,177,291,175,291,175,291,175,297,173,297,173,297,173,301,171,301,171,302,171,309,167,309,167,308,166,307,154,307
163,62,164,62,165,61,165,60,177,60,177,61,177,62,179,62,179,80,167,80,167,79,166,78,165,78,165,77,164,76,163,76
161,456,162,456,163,455,163,447,164,447,165,447,165,441,166,441,167,441,167,431,169,431,169,430,169,418,171,418,171,418,171,410,173,410,173,409,173,402,175,402,175,401,175,391,177,391,177,391,177,383,179,383,180,382,180,375,181,375,182,374,182,366,183,366,184,366,184,356,185,356,186,355,186,347,187,347,188,347,188,339,190,339,190,339,190,335,192,335,192,334,192,333,194,333,194,332,194,331,196,331,196,330,196,329,202,329,203,328,203,327,210,327,210,328,211,329,213,329,213,328,213,327,223,327,223,328,221,328,221,329,221,343,219,343,219,343,219,351,217,351,217,352,217,361,215,361,215,362,215,370,213,370,213,370,213,378,211,378,210,379,210,386,209,386,208,387,208,395,207,395,206,395,206,405,205,405,204,406,204,414,203,414,202,414,202,422,201,422,200,422,200,432,198,432,198,433,198,439,196,439,196,439,196,447,194,447,194,447,194,455,192,455,192,456,192,464,184,464,184,462,183,461,175,461,175,460,175,459,161,459
173,308,175,308,175,307,175,304,177,304,177,303,177,300,179,300,180,299,180,289,181,289,182,289,182,285,183,285,184,284,184,283,185,283,186,282,186,281,185,280,184,280,184,277,185,277,186,276,186,272,187,272,188,272,188,260,210,260,210,261,211,262,225,262,225,264,226,264,227,264,228,264,228,262,233,262,233,264,234,264,236,264,236,276,234,276,233,277,233,284,232,284,231,285,231,297,230,297,229,297,229,309,228,309,227,310,227,320,226,320,225,320,225,324,224,324,223,325,223,326,203,326,203,325,202,324,190,324,190,320,190,320,188,320,188,318,187,318,180,318,180,316,179,316,175,316,175,314,175,314,173,314
207,50,219,50,219,74,219,75,221,75,221,99,219,99,219,100,219,101,211,101,211,75,210,74,209,74,209,56,208,55,207,55
221,50,229,50,229,53,230,54,231,54,231,82,232,83,233,83,233,99,232,99,231,100,231,101,224,101,224,77,223,76,221,76
234,50,244,50,244,72,244,72,246,72,246,95,236,95,236,72,236,72,234,72
238,425,240,425,240,424,240,410,242,410,242,409,242,397,244,397,244,397,244,385,246,385,247,384,247,372,248,372,249,372,249,358,250,358,251,357,251,343,252,343,253,343,253,331,254,331,255,330,255,314,257,314,257,314,257,297,259,297,259,297,259,285,261,285,261,284,261,283,263,283,263,284,263,285,269,285,269,289,268,289,267,289,267,303,265,303,265,304,265,316,263,316,263,316,263,332,261,332,261,333,261,351,259,351,259,352,259,370,257,370,257,370,257,384,255,384,254,385,254,401,253,401,252,402,252,416,251,416,250,416,250,436,249,436,248,437,248,445,238,445
251,452,252,452,253,451,253,435,254,435,255,434,255,416,257,416,257,416,257,402,259,402,259,401,259,387,261,387,261,386,261,368,263,368,263,368,263,347,265,347,265,347,265,322,267,322,268,322,268,308,269,308,270,307,270,283,271,283,272,282,272,275,273,275,274,274,274,272,277,272,277,274,278,275,280,275,280,301,278,301,277,302,277,314,276,314,275,314,275,330,274,330,273,331,273,349,272,349,271,350,271,372,270,372,269,372,269,395,268,395,267,395,267,416,265,416,265,416,265,432,263,432,263,433,263,451,261,451,261,452,261,466,255,466,254,466,254,468,251,468
265,445,267,445,268,445,268,427,269,427,270,426,270,408,271,408,272,407,272,379,273,379,274,378,274,354,275,354,276,353,276,335,277,335,278,334,278,320,280,320,280,320,280,293,282,293,282,293,282,270,288,270,288,274,286,274,286,275,286,278,286,279,288,279,288,293,286,293,286,293,286,299,286,300,288,300,288,316,286,316,286,316,286,351,284,351,284,352,284,374,282,374,282,375,282,409,280,409,280,410,280,434,278,434,277,435,277,455,276,455,275,456,275,474,265,474
311,10,313,10,314,9,314,2,330,2,330,9,330,10,332,10,332,18,330,18,330,18,330,26,330,27,332,27,332,28,330,28,330,29,330,32,330,33,332,33,332,201,330,201,330,202,330,216,330,216,332,216,332,236,330,236,330,237,330,245,330,245,332,245,332,253,330,253,330,254,330,266,330,266,332,266,332,289,332,289,334,289,334,295,332,295,332,295,332,351,330,351,330,352,330,366,328,366,328,366,328,374,326,374,326,375,326,378,324,378,324,379,324,380,314,380,314,379,313,378,311,378,311,337,313,337,314,336,314,333,313,332,311,332,311,322,313,322,314,322,314,312,313,311,311,311,311,108,313,108,314,107,314,33,313,32,311,32
