97,234,98,234,98,236,99,237,105,237,105,247,105,247,107,247,107,249,105,249,105,250,105,279,103,279,103,278,103,277,97,277
110,256,111,256,112,255,112,221,114,221,114,221,114,198,116,198,116,197,116,187,118,187,119,186,119,176,120,176,121,176,121,168,122,168,123,167,123,159,125,159,125,158,125,150,127,150,127,150,127,146,129,146,130,146,130,142,131,142,132,141,132,135,134,135,134,135,134,129,136,129,136,128,136,125,138,125,138,124,138,122,140,122,140,124,141,125,164,125,165,124,165,122,173,122,173,124,174,125,180,125,180,126,180,127,182,127,182,128,180,128,180,129,180,139,178,139,178,140,178,146,176,146,175,146,175,150,174,150,173,150,173,154,172,154,171,155,171,161,169,161,169,161,169,165,167,165,167,165,167,174,165,174,164,174,164,178,163,178,162,178,162,180,158,180,158,181,158,182,156,182,156,183,156,186,154,186,153,187,153,193,152,193,151,193,151,202,150,202,149,202,149,221,147,221,147,221,147,240,145,240,145,241,145,275,145,275,147,275,147,283,147,284,149,284,149,290,150,290,151,290,151,301,152,301,153,301,153,305,154,306,156,306,156,314,156,314,158,314,158,320,158,321,160,321,160,324,161,325,162,325,162,331,163,331,164,331,164,335,165,336,167,336,167,339,167,340,169,340,169,346,169,346,171,346,171,350,172,351,173,351,173,357,174,357,175,357,175,361,176,362,178,362,178,365,178,366,180,366,180,372,180,372,182,372,182,387,183,387,184,387,184,391,183,391,182,392,182,393,150,393,150,392,149,391,138,391,138,383,138,383,136,383,136,379,136,378,134,378,134,372,134,372,132,372,132,366,131,365,130,365,130,362,129,361,127,361,127,353,127,352,125,352,125,342,125,342,123,342,123,334,125,334,125,333,125,310,125,309,123,309,123,290,122,290,121,290,121,286,120,286,119,286,119,284,118,283,116,283,116,280,116,279,114,279,114,280,114,281,112,281,112,267,111,266,110,266
189,120,191,120,191,120,191,90,200,90,200,89,200,88,211,88,211,87,211,86,244,86,244,87,244,88,246,88,246,174,247,174,248,174,248,283,249,284,250,284,250,391,249,391,248,392,248,419,247,419,246,420,246,421,242,421,242,420,242,419,196,419,195,420,195,421,191,421,191,340,191,339,189,339
258,68,268,68,268,210,269,211,270,211,270,279,271,280,273,280,273,281,271,281,270,282,270,283,264,283,264,282,264,281,262,281,262,245,261,245,260,245,260,144,259,143,258,143,258,140,259,140,260,139,260,94,259,94,258,94
260,295,261,295,262,294,262,293,264,293,264,294,264,295,284,295,284,314,282,314,281,314,281,357,282,357,284,357,284,402,284,403,286,403,286,406,284,406,284,407,284,436,282,436,281,437,281,439,262,439,262,431,264,431,264,430,264,368,264,367,262,367,262,325,261,324,260,324
269,81,270,81,271,81,271,68,275,68,275,68,275,66,277,66,277,130,277,131,279,131,279,139,277,139,277,140,277,141,277,142,279,142,279,143,277,143,277,144,277,191,275,191,275,191,275,195,275,196,277,196,277,202,277,202,279,202,279,251,280,252,281,252,281,277,280,277,279,278,279,283,277,283,277,282,277,281,275,281,275,282,275,283,273,283,273,215,273,214,271,214,271,209,273,209,273,208,273,170,273,169,271,169,271,94,270,94,269,94
280,66,288,66,288,126,282,126,282,103,281,102,280,102,280,99,281,99,282,98,282,90,281,89,280,89
284,318,286,318,286,318,286,312,295,312,295,311,295,310,306,310,306,311,306,312,308,312,308,314,308,314,310,314,310,329,308,329,308,329,308,342,306,342,306,342,306,352,306,353,308,353,308,357,306,357,306,357,306,387,304,387,303,387,303,398,304,398,308,398,308,400,306,400,306,400,306,402,304,402,303,403,303,404,302,404,301,405,301,406,300,406,299,407,299,408,297,408,297,405,297,404,291,404,290,405,290,406,286,406,286,403,286,402,284,402
293,64,301,64,301,102,300,102,299,103,299,124,297,124,297,125,297,126,295,126,295,84,295,83,293,83,293,75,295,75,295,74,295,73,295,72,293,72
297,409,299,409,300,408,300,407,301,407,302,406,302,405,303,405,304,404,304,403,306,403,306,402,306,400,308,400,308,402,308,403,312,403,312,404,313,405,317,405,317,404,317,403,319,403,319,402,319,400,323,400,324,400,324,398,328,398,328,402,328,403,330,403,330,424,328,424,328,424,328,439,319,439,319,439,319,441,300,441,300,439,299,439,297,439
306,357,308,357,308,357,308,353,310,353,311,352,311,351,312,351,312,352,313,353,314,353,315,352,315,351,321,351,321,352,322,353,325,353,325,355,326,355,328,355,328,398,324,398,323,398,323,400,317,400,317,398,317,398,306,398,306,396,308,396,308,396,308,390,308,389,306,389
