75,190,77,190,77,190,77,179,81,179,81,179,81,177,85,177,85,179,86,179,92,179,92,181,92,182,94,182,94,207,94,208,96,208,96,218,96,219,98,219,98,225,99,225,100,225,100,231,101,232,102,232,102,236,103,236,105,236,105,238,105,239,107,239,107,240,107,241,109,241,109,242,109,243,111,243,111,247,112,247,113,247,113,249,114,250,115,250,115,251,116,252,117,252,117,253,118,254,120,254,120,256,120,256,122,256,122,264,120,264,120,265,120,267,118,267,117,267,117,269,116,269,115,269,115,273,114,273,113,274,113,275,112,275,112,274,111,273,109,273,109,272,109,271,107,271,107,269,107,269,105,269,105,265,105,264,103,264,103,263,102,262,101,262,101,261,100,260,99,260,99,258,98,258,96,258,96,254,96,253,94,253,94,252,94,251,92,251,92,250,92,249,90,249,90,245,89,245,88,245,88,241,87,240,86,240,86,236,85,236,84,236,84,232,83,231,81,231,81,225,81,225,79,225,79,219,79,218,77,218,77,208,77,207,75,207
77,120,79,120,79,120,79,118,85,118,86,117,86,116,94,116,94,115,94,114,98,114,99,113,99,111,115,111,116,111,116,109,139,109,140,109,140,107,165,107,165,106,165,105,178,105,178,104,178,103,184,103,185,102,185,100,197,100,198,100,198,98,232,98,232,100,232,100,258,100,258,100,258,98,292,98,292,104,293,105,294,105,294,111,295,111,296,111,296,115,286,115,286,116,286,117,269,117,268,118,268,120,237,120,236,120,236,122,228,122,227,122,227,124,217,124,217,125,217,126,202,126,202,127,202,128,191,128,191,129,191,131,153,131,152,131,152,133,118,133,117,133,117,135,107,135,107,136,107,137,103,137,102,138,102,139,92,139,92,138,92,137,77,137
107,160,130,160,131,159,131,157,141,157,141,161,142,162,143,162,143,174,144,175,146,175,146,183,146,184,148,184,148,190,148,190,150,190,150,196,150,197,152,197,152,203,153,204,154,204,154,210,155,210,156,210,156,218,157,219,158,219,158,225,159,225,161,225,161,231,161,232,163,232,163,238,163,239,165,239,165,245,165,245,167,245,167,251,168,252,169,252,169,260,170,261,171,261,171,264,172,265,174,265,174,267,163,267,163,267,163,269,153,269,152,269,152,271,144,271,144,263,143,262,142,262,142,256,141,256,140,256,140,250,139,249,137,249,137,243,137,242,135,242,135,234,135,234,133,234,133,228,133,227,131,227,131,221,130,221,129,221,129,217,128,216,127,216,127,210,126,210,125,210,125,206,124,205,122,205,122,199,122,199,120,199,120,193,120,192,118,192,118,186,117,185,116,185,116,179,115,179,114,179,114,175,113,174,112,174,112,171,111,170,109,170,109,166,109,166,107,166
170,177,176,177,176,177,176,175,178,175,178,174,178,173,184,173,185,172,185,171,189,171,189,172,189,173,191,173,191,179,191,179,193,179,193,183,193,184,195,184,195,188,196,188,197,188,197,194,198,195,199,195,199,201,200,201,202,201,202,212,202,212,204,212,204,229,204,230,206,230,206,242,204,242,204,243,204,245,198,245,198,243,197,242,191,242,191,243,191,245,189,245,189,241,189,240,187,240,187,219,186,218,185,218,185,210,184,210,183,210,183,206,182,205,181,205,181,199,180,199,178,199,178,197,178,196,176,196,176,193,176,192,174,192,174,188,174,188,172,188,172,184,171,183,170,183
310,81,316,81,316,89,316,89,318,89,318,98,318,98,320,98,320,106,314,106,314,100,314,100,312,100,312,92,311,91,310,91
318,78,324,78,324,82,325,83,327,83,327,91,327,92,329,92,329,100,329,100,331,100,331,109,325,109,325,103,324,102,323,102,323,96,322,95,321,95,321,85,320,85,318,85
329,83,335,83,335,87,336,87,337,87,337,98,331,98,331,89,331,89,329,89
338,72,344,72,344,80,344,81,346,81,346,89,346,89,348,89,348,98,349,98,350,98,350,106,344,106,344,100,344,100,342,100,342,94,342,93,340,93,340,85,339,85,338,85
359,107,361,107,362,106,362,94,363,94,364,93,364,87,365,87,366,87,366,81,367,81,368,80,368,74,370,74,370,74,370,68,372,68,372,67,372,57,374,57,375,56,375,46,376,46,377,45,377,37,378,37,379,36,379,30,380,30,381,30,381,26,387,26,387,30,387,30,391,30,392,30,392,28,391,27,390,27,390,26,396,26,396,27,396,28,400,28,400,27,400,26,404,26,404,27,405,28,406,28,406,30,407,30,411,30,411,34,409,34,408,35,408,36,407,36,406,37,406,38,400,38,400,39,400,45,398,45,398,46,398,52,396,52,396,52,396,60,396,61,398,61,398,63,396,63,396,63,396,67,394,67,393,68,393,74,394,74,398,74,398,89,396,89,396,89,396,93,394,93,393,94,393,98,392,98,391,98,391,102,390,102,389,103,389,104,387,104,387,105,387,109,385,109,385,109,385,111,383,111,383,111,383,113,381,113,380,114,380,115,368,115,368,114,367,113,362,113,362,111,361,111,359,111
368,298,370,298,370,297,370,274,372,274,372,273,372,241,374,241,375,240,375,223,376,223,377,223,377,206,378,206,379,205,379,179,380,179,381,179,381,151,383,151,383,150,383,129,385,129,385,128,385,116,387,116,387,115,387,109,389,109,390,109,390,107,400,107,400,106,400,105,408,105,409,104,409,103,430,103,431,102,431,100,432,100,432,124,431,124,430,125,430,148,428,148,428,149,428,170,426,170,426,171,426,194,424,194,424,195,424,218,422,218,421,219,421,240,420,240,419,241,419,258,418,258,417,258,417,278,415,278,415,278,415,293,413,293,413,293,413,308,411,308,411,309,411,310,379,310,379,309,378,308,375,308,374,309,374,310,368,310
415,313,417,313,418,313,418,298,419,298,420,297,420,282,421,282,422,282,422,269,424,269,424,269,424,254,426,254,426,253,426,236,428,236,428,236,428,208,430,208,431,207,431,186,432,186,433,185,433,162,434,162,435,161,435,136,436,136,437,135,437,114,439,114,439,113,439,85,441,85,441,85,441,54,443,54,443,54,443,28,456,28,456,30,456,30,458,30,458,32,456,32,456,32,456,80,454,80,454,81,454,111,452,111,452,111,452,135,450,135,449,136,449,157,448,157,447,157,447,177,446,177,445,177,445,194,443,194,443,195,443,214,441,214,441,214,441,234,439,234,439,234,439,253,437,253,436,254,436,271,435,271,434,272,434,286,433,286,432,287,432,299,431,299,430,300,430,310,428,310,428,311,428,321,422,321,422,320,421,319,415,319
