40,235,41,235,41,235,41,228,43,228,43,228,43,225,45,225,45,224,45,221,46,221,47,220,47,217,48,217,49,217,49,214,50,214,51,213,51,212,52,212,52,212,52,210,54,210,54,210,54,208,56,208,56,210,56,210,57,210,57,215,58,216,59,216,59,219,58,219,57,219,57,220,56,220,56,221,56,224,54,224,54,225,54,228,52,228,52,228,52,231,51,231,50,232,50,240,49,240,48,241,48,254,49,255,50,255,50,263,51,264,52,264,52,269,52,269,54,269,54,272,54,273,56,273,56,278,56,278,57,278,57,279,58,280,59,280,59,281,60,282,61,282,61,287,60,287,59,287,59,290,54,290,54,287,54,287,52,287,52,285,52,285,51,285,51,282,50,281,49,281,49,280,48,279,47,279,47,276,46,276,45,276,45,271,45,270,43,270,43,266,43,265,41,265,41,253,41,253,40,253
54,241,56,241,56,240,56,226,59,226,59,228,60,228,63,228,63,256,63,257,65,257,65,258,63,258,63,258,63,260,63,260,65,260,65,274,58,274,58,266,57,265,56,265,56,248,56,247,54,247,54,244,56,244,56,244,56,242,56,242,54,242
62,289,74,289,74,288,74,287,79,287,80,287,80,285,81,285,82,285,82,283,83,283,83,283,83,282,85,282,85,281,85,280,87,280,87,279,87,278,90,278,91,278,91,275,92,275,93,274,93,273,94,273,94,272,94,271,96,271,96,270,96,269,99,269,100,269,100,267,101,267,101,270,102,271,103,271,103,272,104,273,109,273,109,276,107,276,107,276,107,279,105,279,105,280,105,283,104,283,103,283,103,285,102,285,101,285,101,287,100,287,99,287,99,288,98,288,98,289,98,290,96,290,96,291,96,292,93,292,92,292,92,294,91,294,90,294,90,295,89,295,88,296,88,297,85,297,85,298,85,299,83,299,83,300,83,301,80,301,80,300,79,299,69,299,69,298,68,297,65,297,65,296,65,295,62,295
67,205,68,205,69,204,69,198,72,198,73,197,73,196,74,196,74,197,74,198,83,198,83,199,83,200,88,200,88,201,89,201,90,201,90,203,91,203,94,203,94,204,94,205,96,205,96,206,96,207,98,207,98,208,98,208,99,208,99,210,100,210,101,210,101,212,102,212,103,212,103,213,104,214,105,214,105,215,105,216,107,216,107,219,107,219,109,219,109,222,109,223,110,223,110,226,111,226,112,226,112,233,113,233,114,233,114,260,113,260,112,260,112,269,104,269,104,267,103,267,98,267,98,262,99,262,100,262,100,239,99,238,98,238,98,233,98,233,96,233,96,230,96,229,94,229,94,226,94,226,93,226,93,225,92,224,91,224,91,223,90,222,89,222,89,221,88,220,87,220,87,219,87,219,85,219,85,217,85,217,83,217,83,216,83,215,82,215,82,214,81,213,78,213,78,212,78,212,71,212,71,210,70,210,67,210
100,0,112,0,112,10,113,10,114,10,114,28,114,28,116,28,116,35,113,35,112,35,112,37,111,37,111,35,110,35,109,35,109,35,109,37,104,37,104,26,103,26,102,26,102,5,101,4,100,4
164,428,165,428,166,428,166,419,167,419,167,419,167,408,169,408,169,408,169,400,171,400,171,399,171,389,176,389,176,390,177,391,178,391,178,399,177,399,176,400,176,410,175,410,174,410,174,420,173,420,172,421,172,431,171,431,171,432,171,440,164,440
195,194,196,194,197,194,197,189,198,189,198,188,198,180,200,180,200,179,200,175,202,175,202,174,202,167,203,167,204,167,204,162,213,162,213,167,211,167,211,167,211,172,209,172,209,173,209,179,208,179,207,180,207,183,206,183,205,183,205,190,204,190,203,191,203,197,195,197
224,107,225,107,226,106,226,105,229,105,229,104,229,103,231,103,231,104,231,105,234,105,234,106,235,107,236,107,236,115,237,116,238,116,238,129,239,130,240,130,240,133,239,133,238,133,238,135,228,135,228,128,227,128,226,128,226,114,225,113,224,113
229,244,236,244,236,251,235,251,234,251,234,253,235,253,236,253,236,254,235,254,234,255,234,256,231,256,231,255,231,254,229,254
250,155,256,155,256,156,257,157,258,157,258,172,250,172
250,317,258,317,258,329,259,330,260,330,260,331,259,331,258,332,258,335,257,335,256,335,256,337,255,337,255,335,255,335,251,335,251,333,251,333,250,333
248,498,249,498,250,497,250,476,251,476,251,476,251,473,255,473,255,474,255,475,258,475,258,476,259,476,260,476,260,479,259,479,258,480,258,494,257,494,256,494,256,499,248,499
250,230,251,230,251,229,251,228,253,228,253,229,253,230,256,230,257,229,257,228,258,228,258,229,259,230,260,230,260,233,259,233,258,233,258,235,259,235,260,235,260,260,259,260,258,260,258,262,251,262,251,235,251,235,250,235
264,414,265,414,266,413,266,407,267,407,268,406,268,403,269,403,270,403,270,398,271,398,271,397,271,391,273,391,273,390,273,385,275,385,275,385,275,380,278,380,278,381,279,382,280,382,281,381,281,380,282,380,282,390,281,390,280,391,280,395,279,395,278,396,278,401,277,401,276,401,276,408,275,408,275,408,275,415,273,415,273,416,273,420,266,420,266,419,265,419,264,419
266,253,267,253,268,253,268,246,269,246,270,245,270,228,271,228,271,228,271,226,289,226,289,233,288,233,287,233,287,240,286,240,286,241,286,251,284,251,284,251,284,265,282,265,282,266,282,269,281,269,280,269,280,274,281,275,282,275,282,276,281,276,280,276,280,279,271,279,271,278,271,278,270,278,270,271,269,270,268,270,268,266,267,265,266,265
271,178,273,178,273,178,273,176,287,176,287,204,286,204,286,205,286,206,284,206,284,205,284,204,282,204,282,203,282,203,281,203,280,203,280,206,271,206
286,455,291,455,291,488,288,488,288,487,287,487,286,487
