91,274,93,274,93,273,93,254,95,254,95,253,95,241,97,241,97,241,97,233,99,233,99,233,99,223,101,223,101,223,101,215,103,215,104,215,104,207,105,207,106,207,106,201,107,201,108,201,108,193,122,193,122,195,122,195,124,195,124,203,122,203,122,203,122,213,120,213,120,213,120,229,118,229,118,229,118,245,116,245,116,245,116,267,114,267,113,268,113,291,112,291,111,292,111,309,110,309,109,310,109,342,91,342
110,310,111,310,112,309,112,302,113,302,114,301,114,296,113,295,112,295,112,292,113,292,114,291,114,280,116,280,116,279,116,278,116,277,114,277,114,268,116,268,116,267,116,264,118,264,118,263,118,250,118,249,116,249,116,245,118,245,118,245,118,235,120,235,120,235,120,223,122,223,122,223,122,207,124,207,124,207,124,199,134,199,134,203,133,203,132,203,132,217,131,217,130,217,130,233,129,233,128,233,128,251,126,251,126,252,126,273,124,273,124,274,124,297,122,297,122,298,122,330,120,330,120,330,120,334,110,334,110,320,111,320,112,320,112,316,111,316,110,316
120,449,122,449,122,449,122,417,124,417,124,416,124,383,126,383,126,382,126,366,128,366,129,366,129,344,130,344,131,344,131,330,132,330,133,330,133,328,134,328,135,328,135,326,136,326,137,326,137,324,138,324,138,326,139,326,143,326,143,328,143,328,145,328,145,330,145,330,155,330,155,370,156,370,157,370,157,372,154,372,153,372,153,388,151,388,151,389,151,424,149,424,149,425,149,451,147,451,147,451,147,471,145,471,145,471,145,485,143,485,143,485,143,487,139,487,139,485,138,485,120,485
143,191,145,191,145,191,145,169,147,169,147,168,147,149,149,149,149,148,149,122,151,122,151,122,151,98,172,98,172,110,170,110,170,110,170,136,168,136,168,137,168,168,166,168,165,169,165,195,164,195,163,195,163,203,162,203,161,203,161,205,143,205
151,425,153,425,154,424,154,381,155,381,156,380,156,372,157,372,158,372,158,370,176,370,176,372,176,372,182,372,182,380,181,380,180,381,180,398,178,398,178,399,178,434,176,434,176,435,176,436,166,436,165,437,165,439,156,439,155,439,155,441,154,441,154,439,153,439,151,439
168,175,170,175,170,174,170,151,172,151,172,150,172,137,174,137,174,136,174,135,176,135,176,136,176,137,180,137,180,138,181,139,182,139,182,146,183,147,184,147,184,154,185,155,186,155,186,166,187,167,188,167,188,180,189,181,190,181,190,182,176,182,176,183,176,184,168,184
185,98,186,98,187,98,187,96,197,96,197,98,197,98,199,98,199,140,199,141,201,141,201,150,201,151,203,151,203,160,203,161,205,161,205,166,206,167,207,167,207,170,195,170,195,165,195,164,193,164,193,157,193,156,191,156,191,153,190,152,189,152,189,139,188,138,187,138,187,108,186,108,185,108
193,497,195,497,195,497,195,473,197,473,197,473,197,407,199,407,199,406,199,360,201,360,201,360,201,340,203,340,203,340,203,338,211,338,212,338,212,336,215,336,215,362,214,362,213,362,213,434,212,434,211,435,211,439,212,439,213,439,213,441,212,441,211,441,211,497,210,497,209,497,209,499,193,499
201,310,203,310,203,309,203,241,205,241,206,241,206,217,209,217,209,219,210,219,220,219,220,227,218,227,218,227,218,231,218,231,220,231,220,235,218,235,218,235,218,303,216,303,215,304,215,336,201,336
206,173,207,173,208,172,208,171,218,171,218,172,218,173,220,173,220,215,216,215,216,213,215,213,210,213,209,213,209,217,206,217,206,215,207,215,208,215,208,211,207,211,206,211
231,139,232,139,233,138,233,104,234,104,235,104,235,102,245,102,245,104,245,104,247,104,247,162,231,162
235,401,236,401,237,400,237,395,240,395,240,396,241,397,245,397,245,396,245,395,247,395,247,441,245,441,245,441,245,447,243,447,243,445,242,445,241,445,241,443,240,443,239,443,239,439,238,439,237,439,237,433,236,432,235,432,235,431,236,431,237,430,237,429,236,428,235,428,235,427,236,427,237,426,237,421,236,420,235,420
237,358,238,358,239,358,239,356,247,356,247,360,247,360,249,360,249,368,247,368,247,368,247,392,245,392,245,391,245,390,237,390
