44,240,46,240,46,240,46,236,48,236,49,235,49,231,50,231,51,230,51,229,53,229,53,228,53,226,55,226,56,226,56,222,58,222,58,226,58,226,62,226,62,228,63,229,65,229,65,230,65,231,67,231,67,233,65,233,65,233,65,235,63,235,62,236,62,237,60,237,60,238,60,247,58,247,58,247,58,263,58,263,60,263,60,270,60,270,62,270,62,272,63,273,65,273,65,274,65,275,69,275,69,281,70,282,72,282,72,284,70,284,69,284,69,286,67,286,67,287,67,291,60,291,60,289,60,288,58,288,58,287,58,286,56,286,56,284,55,284,53,284,53,280,53,279,51,279,51,277,50,277,49,277,49,273,48,272,46,272,46,266,46,265,44,265
75,148,76,148,77,147,77,145,79,145,79,145,79,143,83,143,84,142,84,141,95,141,95,142,96,143,97,143,97,145,98,145,100,145,100,149,100,150,102,150,102,152,103,152,104,152,104,156,105,157,107,157,107,163,107,164,109,164,109,166,110,166,111,166,111,170,112,171,114,171,114,175,114,175,116,175,116,179,117,180,118,180,118,186,119,187,121,187,121,193,121,194,123,194,123,203,124,203,125,203,125,207,126,208,128,208,128,221,128,222,130,222,130,247,131,247,133,247,133,277,131,277,130,277,130,314,128,314,128,314,128,332,126,332,125,333,125,339,124,339,123,340,123,351,121,351,121,351,121,365,117,365,116,365,116,367,110,367,110,365,109,365,96,365,96,363,95,362,91,362,91,361,90,360,86,360,86,358,86,358,84,358,84,337,86,337,86,337,86,333,88,333,89,332,89,326,90,326,91,325,91,319,93,319,93,318,93,314,95,314,96,314,96,310,97,310,98,309,98,303,100,303,100,302,100,289,102,289,103,288,103,282,102,281,100,281,100,277,100,277,98,277,98,273,97,272,96,272,96,268,95,267,93,267,93,261,93,260,91,260,91,240,93,240,93,240,93,236,95,236,96,235,96,233,97,233,98,233,98,231,100,231,100,230,100,219,100,219,98,219,98,212,97,212,96,212,96,208,95,207,93,207,93,203,93,203,91,203,91,196,90,196,89,196,89,189,88,189,86,189,86,185,86,184,84,184,84,178,83,177,82,177,82,173,81,173,79,173,79,168,79,168,77,168,77,162,76,161,75,161
133,148,135,148,135,149,135,150,144,150,144,226,142,226,142,226,142,233,135,233,135,222,135,221,133,221
135,240,144,240,144,291,145,291,147,291,147,355,138,355,138,321,137,321,135,321
147,162,158,162,158,221,159,222,161,222,161,233,159,233,158,233,158,237,159,238,161,238,161,342,161,342,163,342,163,344,154,344,154,344,154,346,152,346,152,331,151,330,150,330,150,236,149,235,147,235
161,162,163,162,164,161,164,159,165,159,165,161,166,162,175,162,175,311,175,312,177,312,177,344,166,344,166,340,165,339,164,339,164,222,163,221,161,221,161,185,163,185,164,184,164,180,163,179,161,179
178,162,179,162,179,163,180,164,189,164,189,311,189,312,191,312,191,342,180,342,180,300,179,300,178,300
192,166,203,166,203,260,203,261,205,261,205,263,203,263,203,263,203,300,203,300,205,300,205,339,196,339,196,337,196,337,194,337,194,256,193,256,192,256
206,192,217,192,217,228,217,229,219,229,219,272,217,272,217,273,217,274,217,275,219,275,219,311,208,311,208,206,208,205,206,205
220,180,233,180,233,200,234,201,238,201,238,203,236,203,236,203,236,277,236,277,238,277,238,293,236,293,236,293,236,321,234,321,233,321,233,323,222,323,222,212,222,212,220,212
236,187,238,187,239,186,239,175,240,175,241,175,241,164,243,164,243,163,243,162,245,162,246,161,246,157,247,157,248,156,248,148,250,148,250,147,250,138,252,138,253,138,253,136,264,136,264,138,264,138,271,138,271,140,271,141,280,141,280,159,278,159,278,159,278,168,276,168,275,168,275,177,274,177,273,178,273,189,271,189,271,189,271,203,269,203,268,203,268,221,267,221,266,222,266,270,267,270,268,270,268,298,269,298,271,298,271,304,271,305,273,305,273,311,274,312,275,312,275,318,276,319,278,319,278,325,278,326,280,326,280,332,281,333,283,333,283,337,283,337,285,337,285,342,285,342,287,342,287,346,288,347,290,347,290,351,290,351,292,351,292,358,292,358,294,358,294,362,292,362,292,363,292,365,290,365,290,365,290,367,285,367,285,368,285,369,283,369,283,368,283,367,281,367,280,368,280,369,274,369,273,370,273,372,271,372,271,370,271,369,269,369,269,368,268,367,264,367,264,365,264,365,262,365,262,363,261,362,260,362,260,361,259,360,253,360,253,358,252,358,250,358,250,347,250,346,248,346,248,340,247,339,246,339,246,331,245,330,243,330,243,321,243,321,241,321,241,307,240,307,239,307,239,277,238,277,236,277,236,203,238,203,239,203,239,201,238,200,236,200
281,224,287,224,287,226,288,226,290,226,290,226,290,224,292,224,292,249,288,249,287,250,287,251,281,251,281,240,283,240,283,240,283,233,283,233,281,233
283,270,285,270,285,270,285,256,294,256,295,256,295,254,297,254,297,288,292,288,292,289,292,291,283,291
