29,340,30,340,31,340,31,312,32,312,33,311,33,296,34,296,35,295,35,280,36,280,37,279,37,268,39,268,39,267,39,258,41,258,41,257,41,247,43,247,43,247,43,237,45,237,45,237,45,229,47,229,47,229,47,221,49,221,49,221,49,213,51,213,52,213,52,205,53,205,54,205,54,199,55,199,56,199,56,191,57,191,58,191,58,185,59,185,60,184,60,181,61,181,62,180,62,175,63,175,64,174,64,171,66,171,66,170,66,165,68,165,68,164,68,159,70,159,70,158,70,157,88,157,88,170,87,170,86,171,86,180,85,180,84,181,84,195,83,195,82,195,82,207,81,207,80,207,80,219,79,219,78,219,78,231,77,231,76,231,76,245,74,245,74,245,74,261,72,261,72,262,72,275,70,275,70,276,70,287,68,287,68,288,68,299,66,299,66,300,66,324,64,324,63,324,63,336,62,336,61,336,61,350,60,350,59,350,59,370,58,370,57,370,57,394,56,394,55,395,55,412,31,412,31,411,30,410,29,410
58,370,59,370,60,370,60,366,61,366,62,366,62,354,61,354,60,354,60,350,63,350,64,350,64,340,63,340,62,340,62,336,66,336,66,336,66,324,68,324,68,324,68,308,68,307,66,307,66,300,70,300,70,299,70,296,70,295,68,295,68,288,72,288,72,287,72,280,72,279,70,279,70,276,74,276,74,275,74,266,74,265,72,265,72,262,76,262,77,261,77,252,76,251,74,251,74,245,78,245,79,245,79,237,78,237,77,237,77,231,80,231,81,231,81,223,80,223,79,223,79,219,80,219,81,219,81,217,82,217,83,217,83,211,82,211,81,211,81,207,82,207,83,207,83,205,84,205,85,205,85,191,86,191,87,191,87,181,88,181,89,180,89,169,91,169,91,168,91,165,101,165,101,164,101,163,103,163,103,178,101,178,101,179,101,193,99,193,99,193,99,199,97,199,97,199,97,207,95,207,95,207,95,219,93,219,93,219,93,253,91,253,91,254,91,269,89,269,88,270,88,287,87,287,86,288,86,307,85,307,84,308,84,322,83,322,82,322,82,334,81,334,80,334,80,344,79,344,78,344,78,368,77,368,76,368,76,386,74,386,74,387,74,394,70,394,70,395,70,396,66,396,66,397,66,398,58,398,58,379,59,379,60,378,60,372,59,372,58,372
114,153,116,153,116,152,116,141,118,141,118,140,118,129,120,129,120,128,120,112,122,112,122,112,122,90,124,90,124,90,124,64,126,64,126,64,126,46,128,46,129,45,129,34,130,34,131,33,131,28,132,28,133,27,133,16,134,16,135,15,135,10,134,9,133,9,133,8,134,8,135,7,135,6,136,6,137,5,137,4,151,4,151,3,151,2,155,2,156,1,156,0,165,0,165,1,166,2,168,2,168,19,166,19,165,20,165,39,164,39,163,40,163,51,162,51,161,52,161,70,160,70,159,70,159,92,158,92,157,92,157,116,158,116,159,116,159,122,158,122,158,118,157,118,156,118,155,118,155,140,154,140,153,141,153,156,151,156,151,157,151,160,149,160,149,161,149,162,145,162,145,163,145,164,114,164
160,100,161,100,162,100,162,78,163,78,164,78,164,46,165,46,166,45,166,20,168,20,168,19,168,6,170,6,170,5,170,2,170,1,166,1,166,0,201,0,201,1,199,1,199,2,199,19,197,19,197,20,197,39,195,39,195,40,195,59,193,59,193,60,193,82,191,82,190,82,190,104,189,104,188,104,188,120,187,120,186,120,186,122,166,122,165,122,165,124,164,124,164,122,163,122,162,122,161,122,161,124,160,124
216,477,218,477,218,477,218,443,220,443,220,443,220,441,230,441,230,443,231,443,245,443,245,499,216,499,216,497,218,497,218,497,218,493,218,493,216,493
220,377,222,377,222,376,222,316,224,316,224,316,224,306,224,305,222,305,222,292,224,292,224,291,224,290,230,290,230,291,231,292,240,292,241,291,241,290,249,290,249,311,247,311,247,312,247,400,222,400,222,399,222,398,220,398,220,385,222,385,222,384,222,381,222,380,220,380
224,181,230,181,231,180,231,179,249,179,249,277,247,277,247,278,247,287,243,287,243,284,242,283,233,283,232,284,232,291,231,291,231,290,230,289,224,289
226,141,228,141,228,140,228,0,249,0,249,53,247,53,247,54,247,59,247,60,249,60,249,144,249,145,251,145,251,154,233,154,232,155,232,156,231,156,230,157,230,158,228,158,228,143,228,142,226,142
295,437,311,437,311,439,312,439,317,439,317,499,295,499,295,497,297,497,297,497,297,451,297,451,295,451
303,318,309,318,310,318,310,316,311,316,311,334,312,334,313,334,313,350,305,350,305,320,305,320,303,320
