121,217,123,217,124,217,124,196,125,196,126,196,126,180,128,180,128,179,128,171,130,171,131,170,131,162,133,162,133,161,133,152,135,152,135,152,135,145,137,145,138,145,138,138,140,138,140,138,140,131,142,131,142,131,142,125,144,125,145,124,145,120,147,120,147,119,147,113,149,113,150,112,150,106,151,106,152,105,152,101,156,101,156,103,157,104,158,104,158,105,159,106,163,106,163,108,164,108,165,108,165,110,166,111,168,111,168,112,168,113,172,113,172,115,173,115,177,115,177,117,178,118,179,118,179,129,178,129,177,129,177,133,175,133,175,134,175,140,173,140,172,141,172,147,171,147,170,148,170,154,168,154,168,155,168,161,166,161,165,162,165,168,164,168,163,168,163,175,161,175,161,175,161,186,159,186,158,187,158,200,157,200,156,201,156,221,154,221,154,222,154,256,154,256,156,256,156,274,157,275,158,275,158,284,159,284,161,284,161,295,161,296,163,296,163,302,164,303,165,303,165,309,166,310,168,310,168,318,168,319,170,319,170,325,171,326,172,326,172,330,173,331,175,331,175,337,175,337,177,337,177,342,178,342,179,342,179,346,180,347,182,347,182,351,182,351,184,351,184,355,185,356,186,356,186,360,187,361,189,361,189,365,189,365,191,365,191,369,192,370,193,370,193,374,194,375,196,375,196,379,182,379,182,379,182,381,178,381,177,381,177,383,171,383,170,384,170,385,168,385,168,384,168,383,166,383,166,381,165,381,164,381,164,377,163,376,161,376,161,372,161,372,159,372,159,368,158,367,157,367,157,365,156,365,154,365,154,361,154,360,152,360,152,356,151,355,150,355,150,351,149,351,147,351,147,347,147,346,145,346,145,342,144,342,142,342,142,337,142,337,140,337,140,331,140,330,138,330,138,324,137,323,135,323,135,317,135,316,133,316,133,310,133,309,131,309,131,298,130,298,128,298,128,289,128,288,126,288,126,273,125,272,124,272,124,254,123,254,121,254
166,203,191,203,191,205,192,206,193,206,193,272,194,273,196,273,196,300,175,300,175,298,175,298,173,298,173,280,172,279,171,279,171,263,170,263,168,263,168,233,168,233,166,233
196,125,219,125,219,135,220,136,222,136,222,173,222,173,224,173,224,196,225,196,226,196,226,203,210,203,210,203,210,205,203,205,203,203,203,203,201,203,201,194,200,193,199,193,199,157,198,156,196,156
208,291,217,291,217,293,217,293,229,293,229,348,229,349,231,349,231,388,213,388,213,386,212,385,210,385,210,379,210,379,208,379
232,141,233,141,234,140,234,138,247,138,247,140,248,141,254,141,254,184,234,184,234,171,233,170,232,170
236,296,259,296,259,339,260,340,261,340,261,390,253,390,253,388,252,388,239,388,239,321,238,321,236,321
271,236,273,236,274,235,274,233,285,233,285,235,285,236,299,236,299,311,300,312,301,312,301,321,300,321,299,321,299,328,300,328,301,328,301,335,300,335,299,335,299,337,300,337,301,337,301,376,302,377,304,377,304,390,304,391,306,391,306,406,285,406,285,405,285,404,278,404,278,402,278,402,276,402,276,388,275,388,274,388,274,243,273,242,271,242
318,245,325,245,325,295,321,295,321,254,320,254,318,254
328,261,332,261,332,279,328,279
342,259,343,259,343,281,342,281
358,4,360,4,360,4,360,2,362,2,362,4,363,4,367,4,367,4,367,2,369,2,369,66,360,66,360,20,360,20,358,20
