7,156,8,156,9,155,9,147,10,147,10,146,10,143,12,143,12,142,12,141,14,141,14,142,14,143,17,143,17,148,16,148,15,149,15,154,14,154,14,154,14,159,14,160,15,160,15,167,16,167,17,167,17,170,18,171,19,171,19,174,12,174,12,171,12,170,10,170,10,169,10,169,9,169,9,162,8,161,7,161
47,134,48,134,49,133,49,132,52,132,52,133,52,134,54,134,54,135,54,135,55,135,55,137,56,137,59,137,59,141,60,141,61,141,61,142,61,143,63,143,63,144,63,145,65,145,65,148,65,149,66,149,66,155,67,156,68,156,68,161,67,161,66,162,66,169,65,169,65,169,65,172,63,172,63,173,63,174,61,174,61,175,61,176,60,176,59,176,59,180,58,180,57,180,57,182,52,182,52,182,52,183,49,183,49,176,52,176,52,176,52,175,54,175,54,174,54,173,55,173,56,172,56,169,57,169,58,169,58,167,59,167,60,167,60,150,59,150,58,150,58,147,57,146,56,146,56,145,55,144,54,144,54,143,54,142,52,142,52,141,52,141,50,141,50,139,50,139,49,139,49,137,48,137,47,137
89,55,105,55,105,55,105,54,108,54,108,62,109,63,110,63,110,113,92,113,92,111,92,111,90,111,90,67,90,66,89,66
96,197,101,197,101,196,101,195,114,195,114,221,114,221,115,221,115,245,116,245,117,245,117,256,114,256,114,255,114,254,98,254,98,243,97,243,96,243
121,94,139,94,139,96,140,96,141,96,141,159,141,160,143,160,143,206,143,206,145,206,145,213,143,213,143,214,143,215,132,215,132,214,132,213,125,213,125,169,125,169,123,169,123,98,123,98,121,98
147,55,159,55,159,57,160,57,161,57,161,141,161,141,163,141,163,163,161,163,161,163,161,180,161,180,163,180,163,193,163,193,165,193,165,211,163,211,163,212,163,221,163,221,165,221,165,249,160,249,159,249,159,250,154,250,154,249,154,249,152,249,152,223,152,223,150,223,150,175,150,174,149,174,149,115,148,115,147,115
161,81,170,81,170,83,170,83,172,83,172,88,172,89,174,89,174,148,174,149,175,149,175,196,174,196,174,197,174,204,174,204,175,204,175,213,176,214,177,214,177,223,176,223,175,223,175,226,165,226,165,193,165,193,163,193,163,141,163,141,161,141
170,74,181,74,181,74,181,72,183,72,183,81,183,81,185,81,185,122,185,122,186,122,186,170,187,171,188,171,188,232,176,232,176,223,177,223,178,223,178,214,177,213,176,213,176,149,175,148,174,148,174,89,174,88,172,88,172,83,172,83,170,83
198,98,206,98,206,116,207,117,208,117,208,118,207,118,206,119,206,163,207,163,208,163,208,209,198,209,198,176,199,176,200,176,200,145,199,144,198,144
214,67,215,67,216,66,216,65,226,65,226,94,225,94,225,94,225,128,225,128,226,128,226,129,225,129,225,130,225,146,223,146,223,147,223,159,223,160,225,160,225,176,225,176,226,176,226,178,225,178,225,178,225,196,225,197,226,197,226,239,216,239,216,119,215,118,214,118,214,115,215,115,216,115,216,74,215,74,214,74
225,130,230,130,230,129,230,128,234,128,234,178,227,178,227,176,226,176,225,176
