11,263,13,263,14,263,14,254,15,254,16,254,16,245,18,245,18,244,18,236,20,236,21,235,21,229,22,229,23,228,23,222,25,222,25,221,25,212,27,212,28,212,28,206,36,206,36,207,37,208,48,208,48,210,46,210,46,210,46,217,44,217,43,217,43,223,42,223,41,224,41,230,39,230,39,231,39,237,37,237,36,238,36,244,35,244,34,245,34,256,32,256,32,256,32,267,30,267,29,268,29,272,28,272,27,273,27,274,14,274,14,273,13,272,11,272
49,240,50,240,51,240,51,233,53,233,53,233,53,226,55,226,56,226,56,224,58,224,58,223,58,219,60,219,60,219,60,215,62,215,63,214,63,212,65,212,65,212,65,208,67,208,67,207,67,206,69,206,70,205,70,203,72,203,72,203,72,199,74,199,75,198,75,196,76,196,77,196,77,194,81,194,81,196,82,196,88,196,88,200,86,200,86,201,86,203,84,203,83,203,83,207,82,207,81,208,81,212,79,212,79,212,79,217,77,217,76,217,76,221,75,221,74,222,74,226,72,226,72,226,72,233,70,233,69,233,69,237,67,237,67,238,67,251,65,251,65,252,65,286,65,287,67,287,67,293,60,293,60,293,60,295,51,295,51,287,50,286,49,286
53,395,62,395,63,395,63,393,81,393,81,395,82,395,83,395,83,399,84,400,86,400,86,404,86,405,88,405,88,411,89,412,90,412,90,416,91,416,93,416,93,420,93,421,95,421,95,425,96,425,97,425,97,429,98,430,100,430,100,434,100,435,102,435,102,439,103,439,104,439,104,443,100,443,100,444,100,446,93,446,93,446,93,448,86,448,86,446,86,446,84,446,84,444,83,443,82,443,82,442,81,441,77,441,77,437,76,436,75,436,75,432,74,432,72,432,72,430,72,429,70,429,70,425,69,425,67,425,67,421,67,420,65,420,65,416,65,416,63,416,63,412,62,411,60,411,60,407,60,406,58,406,58,402,58,402,56,402,56,400,55,399,53,399
67,94,69,94,70,94,70,87,72,87,72,87,72,78,74,78,75,78,75,74,76,74,77,73,77,64,79,64,79,64,79,57,81,57,82,57,82,55,83,55,83,57,84,57,97,57,97,59,96,59,95,60,95,68,93,68,93,69,93,73,91,73,90,74,90,80,89,80,88,81,88,89,86,89,86,90,86,98,84,98,83,99,83,103,67,103
70,277,72,277,72,277,72,266,74,266,75,265,75,256,76,256,77,256,77,247,79,247,79,247,79,236,81,236,82,235,82,226,83,226,84,226,84,219,86,219,86,219,86,210,88,210,89,210,89,203,90,203,91,203,91,196,107,196,107,207,105,207,104,208,104,217,103,217,102,217,102,230,100,230,100,231,100,242,98,242,97,243,97,254,96,254,95,254,95,263,93,263,93,263,93,274,91,274,90,275,90,286,89,286,88,287,88,288,75,288,75,287,74,286,72,286,72,287,72,288,70,288
98,78,100,78,100,78,100,71,102,71,103,71,103,67,104,67,105,66,105,62,107,62,107,61,107,57,109,57,110,57,110,53,111,53,112,52,112,50,114,50,114,50,114,48,116,48,117,48,117,46,118,46,119,45,119,43,121,43,121,45,121,46,130,46,130,50,128,50,128,50,128,54,124,54,123,55,123,57,121,57,121,57,121,61,119,61,118,62,118,66,117,66,116,67,116,73,114,73,114,74,114,78,112,78,111,78,111,80,110,80,109,81,109,89,110,90,111,90,111,105,112,106,114,106,114,112,110,112,109,113,109,115,103,115,103,111,102,110,100,110,100,104,100,103,98,103
105,361,107,361,107,360,107,358,111,358,111,360,112,361,130,361,130,362,131,363,135,363,135,399,135,400,137,400,137,413,138,414,140,414,140,420,140,421,142,421,142,427,142,428,144,428,144,434,124,434,123,435,123,436,114,436,114,425,114,425,112,425,112,414,111,413,110,413,110,402,109,402,107,402,107,365,107,365,105,365
114,94,116,94,117,94,117,83,118,83,119,82,119,74,121,74,121,73,121,67,123,67,124,66,124,60,125,60,126,59,126,55,128,55,128,54,128,50,130,50,131,50,131,46,142,46,142,64,140,64,140,64,140,73,138,73,137,74,137,82,135,82,135,83,135,98,133,98,133,99,133,108,131,108,130,108,130,110,128,110,128,108,128,108,114,108
164,319,165,319,166,318,166,305,168,305,168,304,168,291,170,291,171,291,171,275,172,275,173,274,173,263,175,263,175,263,175,240,177,240,178,240,178,238,193,238,193,260,192,260,191,261,191,279,189,279,189,280,189,293,187,293,186,293,186,307,185,307,184,307,184,321,182,321,182,321,182,325,164,325
182,344,184,344,185,344,185,326,186,326,187,325,187,310,189,310,189,309,189,291,191,291,192,291,192,280,193,280,194,279,194,266,196,266,196,265,196,229,198,229,199,228,199,217,217,217,217,235,215,235,215,236,215,258,213,258,212,259,212,274,210,274,210,275,210,288,208,288,208,289,208,311,206,311,205,312,205,330,203,330,203,331,203,351,182,351
208,321,210,321,210,321,210,303,212,303,213,302,213,284,215,284,215,284,215,266,217,266,217,265,217,243,219,243,220,242,220,231,236,231,236,244,234,244,233,245,233,263,232,263,231,263,231,277,229,277,229,277,229,300,227,300,226,300,226,325,225,325,224,326,224,335,208,335
232,307,233,307,234,307,234,270,236,270,236,270,236,254,238,254,239,254,239,247,240,247,241,247,241,245,245,245,245,247,246,247,252,247,252,254,250,254,250,254,250,263,248,263,247,263,247,279,246,279,245,280,245,304,246,305,247,305,247,314,234,314,234,312,233,311,232,311
