48,174,49,174,50,173,50,164,51,164,52,163,52,158,53,158,54,157,54,154,55,154,56,153,56,150,57,150,58,149,58,146,59,146,60,145,60,144,61,144,62,143,62,140,63,140,64,139,64,138,65,138,66,137,66,136,67,136,68,135,68,132,69,132,70,131,70,130,71,130,72,129,72,128,73,128,74,127,74,124,75,124,76,123,76,122,77,122,78,121,78,118,79,118,80,117,80,116,83,116,83,117,84,118,85,118,85,119,86,120,87,120,87,121,88,122,89,122,89,123,90,124,91,124,91,125,92,126,93,126,93,127,94,128,95,128,95,129,96,130,97,130,97,131,98,132,99,132,99,133,100,134,103,134,103,135,104,136,105,136,105,137,104,137,103,138,103,141,102,141,101,142,101,143,100,143,99,144,99,145,98,145,97,146,97,149,96,149,95,150,95,151,94,151,93,152,93,155,92,155,91,156,91,157,90,157,89,158,89,165,88,165,87,166,87,167,84,167,83,168,83,173,82,173,81,174,81,179,80,179,79,180,79,189,78,189,77,190,77,207,78,208,79,208,79,225,80,226,81,226,81,235,82,236,83,236,83,241,84,242,85,242,85,247,86,248,87,248,87,253,88,254,89,254,89,255,90,256,91,256,91,257,92,258,93,258,93,261,94,262,95,262,95,263,96,264,97,264,97,267,98,268,99,268,99,269,100,270,101,270,101,271,102,272,103,272,103,273,104,274,105,274,105,279,100,279,99,280,99,281,94,281,93,282,93,283,90,283,89,284,89,285,82,285,82,284,81,283,80,283,80,282,79,281,78,281,78,280,77,279,76,279,76,276,75,275,74,275,74,274,73,273,72,273,72,272,71,271,70,271,70,268,69,267,68,267,68,266,67,265,66,265,66,264,65,263,64,263,64,260,63,259,62,259,62,256,61,255,60,255,60,254,59,253,58,253,58,250,57,249,56,249,56,244,55,243,54,243,54,240,53,239,52,239,52,232,51,231,50,231,50,222,49,221,48,221
86,168,87,168,88,167,88,166,89,166,90,165,90,164,119,164,119,253,98,253,97,254,97,255,96,255,96,254,95,253,90,253,90,248,89,247,88,247,88,232,87,231,86,231
128,144,147,144,148,143,148,142,151,142,151,153,152,154,153,154,153,189,154,190,155,190,155,193,154,193,153,194,153,203,154,204,155,204,155,205,154,205,153,206,153,207,154,208,155,208,155,231,154,231,153,232,153,235,154,236,155,236,155,241,154,241,153,242,153,277,134,277,133,278,133,279,132,279,132,274,131,273,130,273,130,208,129,207,128,207,128,202,129,202,130,201,130,196,129,195,128,195
128,0,167,0,167,15,168,16,169,16,169,31,168,31,167,32,167,33,160,33,160,32,159,31,152,31,151,32,151,33,138,33,137,34,137,35,132,35,132,34,131,33,130,33,130,10,129,9,128,9
154,194,155,194,156,193,156,168,157,168,158,167,158,166,159,166,159,167,160,168,171,168,171,169,172,170,179,170,179,245,180,246,181,246,181,251,180,251,179,252,179,253,156,253,156,196,155,195,154,195
176,0,189,0,189,11,176,11
182,182,195,182,195,201,196,202,197,202,197,219,198,220,199,220,199,221,198,221,197,222,197,223,198,224,199,224,199,235,200,236,201,236,201,243,192,243,191,244,191,245,184,245,184,212,183,211,182,211
198,202,199,202,200,201,200,200,203,200,203,201,204,202,205,202,206,201,206,200,207,200,207,201,208,202,209,202,209,219,198,219
210,182,221,182,221,219,222,220,223,220,223,237,222,237,221,238,221,239,222,240,223,240,223,243,212,243,212,188,211,187,210,187
222,238,223,238,224,237,224,182,233,182,233,183,234,184,235,184,235,237,236,238,237,238,237,239,236,239,235,240,235,241,232,241,231,242,231,243,224,243,224,240,223,239,222,239
250,164,251,164,252,163,252,162,261,162,261,187,262,188,263,188,263,189,252,189,252,168,251,167,250,167
