29,225,30,225,31,225,31,213,32,213,33,213,33,201,34,201,35,201,35,191,36,191,37,191,37,185,38,185,39,184,39,181,40,181,41,180,41,175,43,175,43,174,43,171,45,171,45,170,45,167,47,167,47,166,47,165,49,165,49,164,49,161,51,161,51,160,51,157,53,157,53,156,53,155,55,155,56,154,56,153,57,153,58,152,58,149,59,149,60,148,60,147,61,147,62,146,62,145,63,145,64,144,64,143,72,143,72,144,72,145,74,145,74,146,74,147,76,147,76,148,76,149,80,149,80,150,80,151,82,151,82,152,83,153,86,153,86,154,87,155,92,155,92,156,93,157,94,157,94,158,93,158,92,159,92,162,91,162,90,163,90,164,89,164,88,165,88,166,87,166,86,167,86,170,85,170,84,171,84,172,83,172,82,173,82,174,80,174,80,175,80,178,78,178,78,179,78,180,76,180,76,181,76,182,74,182,74,183,74,186,72,186,72,187,72,191,70,191,70,191,70,197,68,197,67,197,67,201,66,201,65,201,65,207,64,207,63,207,63,215,62,215,61,215,61,229,60,229,59,229,59,251,60,252,61,252,61,259,62,260,63,260,63,267,64,268,65,268,65,273,66,274,67,274,67,279,68,280,70,280,70,283,70,284,72,284,72,285,72,286,74,286,74,289,74,290,76,290,76,293,76,294,78,294,78,295,78,296,80,296,80,297,80,298,82,298,82,301,83,302,84,302,84,303,85,304,86,304,86,307,87,308,88,308,88,309,89,310,90,310,90,311,91,312,94,312,94,314,95,314,97,314,97,316,97,316,99,316,99,318,99,318,101,318,101,320,101,320,103,320,103,322,103,322,105,322,105,324,105,324,109,324,109,326,109,326,111,326,111,328,112,328,115,328,115,330,116,330,119,330,119,332,120,332,121,332,121,334,122,334,126,334,126,336,126,336,132,336,132,338,132,338,146,338,146,340,147,340,175,340,175,342,176,342,184,342,184,344,184,344,186,344,186,344,186,342,188,342,188,356,188,356,190,356,190,364,188,364,188,364,188,374,186,374,186,375,186,376,161,376,161,377,161,378,145,378,145,377,144,376,134,376,134,375,134,374,128,374,128,372,128,372,122,372,122,370,121,370,118,370,118,368,117,368,112,368,112,366,111,366,107,366,107,364,107,364,105,364,105,362,105,362,101,362,101,360,101,360,99,360,99,358,99,358,95,358,95,356,94,356,93,356,93,354,92,354,89,354,89,352,88,352,87,352,87,350,86,350,85,350,85,348,84,348,83,348,83,346,82,346,78,346,78,344,78,344,76,344,76,342,76,342,74,342,74,340,74,340,72,340,72,338,72,338,68,338,68,336,67,336,66,336,66,334,65,334,64,334,64,332,63,332,62,332,62,328,61,328,60,328,60,326,59,326,58,326,58,324,57,324,56,324,56,322,55,322,53,322,53,318,53,318,51,318,51,314,51,314,49,314,49,310,49,309,47,309,47,308,47,307,45,307,45,304,45,303,43,303,43,300,43,299,41,299,41,294,40,293,39,293,39,290,38,289,37,289,37,284,36,283,35,283,35,278,34,277,33,277,33,270,32,269,31,269,31,256,30,255,29,255
80,129,82,129,83,128,83,125,84,125,85,124,85,122,88,122,89,122,89,120,90,120,91,120,91,118,94,118,95,118,95,116,99,116,99,116,99,114,103,114,103,114,103,112,107,112,107,112,107,110,111,110,112,110,112,108,115,108,116,108,116,106,119,106,120,106,120,104,126,104,126,104,126,102,136,102,136,102,136,100,146,100,147,100,147,98,163,98,163,98,163,96,177,96,177,98,178,98,182,98,182,100,182,100,184,100,184,102,184,102,186,102,186,128,184,128,184,129,184,130,180,130,180,131,180,132,172,132,171,133,171,134,151,134,150,135,150,136,143,136,142,137,142,138,134,138,134,139,134,140,126,140,126,141,126,142,122,142,121,143,121,144,116,144,115,145,115,146,112,146,111,147,111,148,109,148,109,149,109,150,105,150,105,151,105,152,99,152,99,151,99,150,97,150,97,149,97,148,95,148,95,147,94,146,93,146,93,145,92,144,91,144,91,139,90,138,89,138,89,137,88,136,87,136,87,135,86,134,85,134,85,133,84,132,80,132
87,181,94,181,95,180,95,179,97,179,97,180,97,181,99,181,99,180,99,179,105,179,105,180,105,181,107,181,107,182,105,182,105,183,105,287,105,288,107,288,107,293,87,293
114,211,130,211,130,227,130,227,132,227,132,251,130,251,130,252,130,261,128,261,128,260,128,259,114,259
126,173,128,173,128,172,128,169,130,169,130,168,130,167,132,167,132,166,132,165,140,165,141,164,141,163,146,163,147,162,147,161,148,161,149,160,149,159,153,159,153,158,153,157,159,157,159,156,159,155,163,155,163,154,163,153,167,153,168,152,168,151,186,151,186,156,186,157,188,157,188,164,188,165,190,165,190,176,190,177,192,177,192,223,190,223,190,223,190,227,190,227,192,227,192,233,190,233,190,233,190,245,190,245,192,245,192,291,190,291,190,292,190,293,188,293,188,294,188,295,186,295,186,296,186,297,184,297,184,298,184,299,176,299,176,298,175,297,170,297,170,296,169,295,161,295,161,294,161,293,151,293,151,292,150,291,139,291,139,290,138,289,136,289,136,288,136,287,134,287,134,221,134,221,132,221,132,197,132,197,130,197,130,183,130,182,128,182,128,177,128,176,126,176
197,36,198,36,199,35,199,30,206,30,207,29,207,28,211,28,211,33,211,34,213,34,213,35,211,35,211,36,211,59,211,60,213,60,213,61,211,61,211,62,211,72,209,72,209,70,209,70,207,70,206,70,206,72,201,72,201,70,200,70,199,70,199,38,198,37,197,37
192,84,244,84,244,84,244,82,248,82,248,112,246,112,246,112,246,114,246,114,248,114,248,243,246,243,246,243,246,259,244,259,244,260,244,301,244,302,246,302,246,309,244,309,244,310,244,368,244,368,246,368,246,388,226,388,225,389,225,390,199,390,199,286,198,285,197,285,197,217,198,217,199,217,199,185,198,184,197,184,197,161,196,160,195,160,195,125,194,124,192,124
201,405,202,405,203,404,203,403,204,403,205,402,205,401,206,401,206,402,207,403,215,403,215,412,213,412,213,413,213,416,211,416,211,417,211,424,211,425,213,425,213,432,213,433,215,433,215,436,213,436,213,437,213,441,213,441,215,441,215,445,213,445,213,445,213,447,203,447,203,443,202,443,201,443
211,28,236,28,236,29,236,30,238,30,238,47,238,48,240,48,240,74,236,74,236,74,236,76,224,76,224,74,223,74,217,74,217,72,217,72,213,72,213,60,213,59,211,59,211,36,213,36,213,35,213,34,213,33,211,33
213,413,215,413,215,412,215,403,240,403,240,408,240,409,242,409,242,447,226,447,225,447,225,449,224,449,224,447,223,447,215,447,215,433,215,432,213,432
255,157,256,157,257,156,257,153,258,153,259,152,259,149,260,149,261,148,261,147,263,147,263,146,263,145,265,145,265,144,265,143,269,143,269,144,269,145,271,145,271,148,271,149,273,149,273,150,273,151,275,151,275,152,275,153,277,153,277,156,278,157,279,157,279,160,280,161,281,161,281,164,282,165,283,165,283,168,284,169,285,169,285,170,286,171,287,171,287,174,288,175,289,175,289,178,290,179,292,179,292,182,292,183,294,183,294,189,294,189,296,189,296,193,296,193,298,193,298,199,298,199,300,199,300,207,300,207,302,207,302,219,302,219,304,219,304,247,302,247,302,247,302,257,300,257,300,258,300,263,298,263,298,264,298,271,296,271,296,272,296,277,294,277,294,278,294,283,292,283,292,284,292,287,290,287,289,288,289,291,288,291,287,292,287,295,286,295,285,296,285,301,284,301,283,302,283,303,282,303,281,304,281,307,280,307,279,308,279,311,278,311,277,312,277,316,275,316,275,316,275,318,273,318,273,318,273,320,265,320,265,318,265,318,261,318,261,316,260,316,259,316,259,314,258,314,255,314,255,304,256,304,257,303,257,300,258,300,259,299,259,296,260,296,261,295,261,292,263,292,263,291,263,288,265,288,265,287,265,284,267,284,267,283,267,278,269,278,269,277,269,272,271,272,271,271,271,264,273,264,273,263,273,252,275,252,275,251,275,213,275,213,273,213,273,207,273,207,271,207,271,201,271,201,269,201,269,195,269,195,267,195,267,193,267,193,265,193,265,189,265,189,263,189,263,185,263,184,261,184,261,181,260,180,259,180,259,177,258,176,257,176,257,171,256,170,255,170
