0,0,18,0,18,1,17,1,16,2,16,16,14,16,13,16,13,30,12,30,11,31,11,50,9,50,9,50,9,59,7,59,6,60,6,69,4,69,4,70,4,74,2,74,1,74,1,76,0,76
26,485,28,485,29,484,29,468,30,468,31,467,31,458,33,458,34,458,34,451,35,451,36,451,36,444,38,444,38,443,38,439,40,439,41,438,41,434,43,434,43,434,43,429,45,429,46,429,46,425,48,425,48,424,48,422,50,422,50,424,51,425,55,425,55,426,55,427,57,427,57,429,58,429,60,429,60,434,58,434,57,434,57,438,55,438,55,439,55,443,53,443,52,444,52,451,51,451,50,451,50,458,48,458,48,458,48,465,46,465,45,466,45,477,43,477,43,478,43,489,41,489,40,490,40,557,41,557,43,557,43,574,43,574,45,574,45,586,46,586,48,586,48,593,48,594,50,594,50,600,51,601,52,601,52,605,53,606,55,606,55,610,55,611,57,611,57,612,58,613,60,613,60,622,55,622,55,623,55,624,53,624,52,625,52,627,48,627,48,620,48,620,46,620,46,618,45,617,43,617,43,613,43,612,41,612,41,608,40,608,38,608,38,601,38,600,36,600,36,594,35,593,34,593,34,586,33,586,31,586,31,579,30,579,29,579,29,565,28,564,26,564
43,956,45,956,46,955,46,903,48,903,48,902,48,874,48,873,46,873,46,869,48,869,48,868,48,854,50,854,51,854,51,838,52,838,53,837,53,835,55,835,55,835,55,833,57,833,58,832,58,823,60,823,60,822,60,813,62,813,63,813,63,806,65,806,65,806,65,792,67,792,68,791,68,789,69,789,70,789,70,784,94,784,94,786,94,787,106,787,106,789,106,789,108,789,108,796,106,796,106,796,106,810,104,810,103,811,103,822,102,822,101,823,101,842,99,842,99,842,99,847,97,847,97,833,96,832,92,832,91,833,91,837,89,837,89,838,89,849,89,850,91,850,91,851,89,851,89,852,89,856,85,856,84,857,84,864,82,864,82,864,82,871,80,871,79,871,79,880,77,880,77,881,77,885,75,885,74,886,74,890,72,890,72,891,72,897,70,897,69,898,69,999,70,999,72,999,72,1023,46,1023,46,1009,45,1008,43,1008,43,992,45,992,46,992,46,966,45,965,43,965
53,137,60,137,60,137,60,135,67,135,67,137,68,137,72,137,72,137,72,135,77,135,77,134,77,132,79,132,80,132,80,130,86,130,87,129,87,128,89,128,89,127,89,125,91,125,91,134,92,135,94,135,94,153,94,154,96,154,96,170,97,171,99,171,99,182,99,183,101,183,101,197,102,198,103,198,103,209,104,210,106,210,106,224,106,224,108,224,108,231,109,231,111,231,111,238,104,238,103,239,103,240,99,240,99,241,99,243,94,243,94,243,94,245,82,245,82,246,82,248,80,248,79,248,79,250,77,250,77,251,77,252,70,252,70,251,69,250,65,250,65,248,65,248,63,248,63,246,62,245,60,245,60,207,60,207,58,207,58,193,60,193,60,192,60,169,60,168,58,168,58,156,57,156,55,156,55,147,55,146,53,146
60,483,62,483,63,482,63,432,65,432,65,431,65,408,67,408,68,407,68,403,69,403,70,402,70,400,96,400,96,402,97,403,120,403,120,405,121,405,123,405,123,431,121,431,120,432,120,499,121,499,123,499,123,504,121,504,120,504,120,620,121,620,123,620,123,634,123,635,125,635,125,649,121,649,120,649,120,651,70,651,70,649,69,649,65,649,65,644,65,644,63,644,63,589,62,588,60,588,60,579,62,579,63,579,63,516,62,516,60,516
97,86,99,86,99,86,99,84,101,84,102,83,102,82,103,82,104,81,104,79,106,79,106,79,106,77,108,77,109,76,109,74,123,74,123,76,123,77,125,77,125,93,126,94,128,94,128,112,128,113,130,113,130,129,131,130,133,130,133,144,133,144,135,144,135,163,136,164,137,164,137,178,138,178,140,178,140,195,141,195,142,195,142,209,143,210,145,210,145,226,145,227,147,227,147,238,126,238,126,236,125,236,123,236,123,222,123,221,121,221,121,210,120,209,119,209,119,195,118,195,116,195,116,181,116,180,114,180,114,166,113,166,111,166,111,152,111,151,109,151,109,140,108,139,106,139,106,130,106,129,104,129,104,113,103,112,102,112,102,99,101,98,99,98,99,91,99,91,97,91
114,0,130,0,130,62,119,62,119,60,118,59,116,59,116,16,116,16,114,16
128,543,130,543,131,542,131,480,150,480,150,574,148,574,147,574,147,588,148,589,150,589,150,593,131,593,131,591,130,591,128,591
162,521,169,521,169,523,170,524,176,524,176,542,162,542
201,1019,203,1019,204,1018,204,997,206,997,206,996,206,770,208,770,209,769,209,741,210,741,211,740,211,690,213,690,213,690,213,640,215,640,216,639,216,521,218,521,218,521,218,417,220,417,221,417,221,384,223,384,223,383,223,350,225,350,226,349,226,239,227,239,228,238,228,164,230,164,230,163,230,12,242,12,243,11,243,9,291,9,291,11,291,12,293,12,293,21,294,21,296,21,296,40,294,40,293,41,293,211,291,211,291,212,291,238,289,238,288,239,288,318,286,318,286,318,286,359,284,359,283,359,283,504,282,504,281,504,281,537,279,537,278,538,278,593,277,593,276,594,276,605,277,606,278,606,278,617,277,617,276,618,276,668,274,668,274,668,274,721,272,721,271,722,271,762,269,762,269,763,269,820,267,820,266,821,266,897,265,897,264,898,264,936,265,937,266,937,266,958,265,958,264,958,264,999,262,999,261,999,261,1023,201,1023
274,796,276,796,277,796,277,777,278,777,279,777,279,760,281,760,282,760,282,751,283,751,284,750,284,746,293,746,293,748,294,748,303,748,303,750,303,751,325,751,325,752,325,753,334,753,334,755,335,755,337,755,337,757,337,758,339,758,339,760,340,760,342,760,342,789,340,789,339,789,339,835,337,835,337,835,337,890,335,890,334,891,334,924,335,924,337,924,337,965,335,965,334,966,334,967,333,967,333,966,332,965,316,965,316,963,315,963,306,963,306,961,305,960,296,960,296,958,296,958,286,958,286,956,286,955,277,955,277,953,276,953,274,953,274,891,276,891,277,890,277,813,276,813,274,813
291,644,293,644,294,644,294,598,296,598,296,598,296,569,298,569,299,569,299,560,300,560,301,559,301,536,303,536,303,535,303,514,303,513,301,513,301,490,300,489,299,489,299,415,300,415,301,414,301,374,303,374,303,373,303,362,305,362,306,361,306,352,308,352,308,352,308,350,313,350,313,352,313,352,317,352,318,352,318,350,325,350,325,352,325,352,327,352,327,354,328,355,330,355,330,356,330,357,332,357,332,361,333,362,334,362,334,368,335,369,337,369,337,371,337,371,342,371,342,373,342,374,347,374,347,378,347,379,349,379,349,451,347,451,347,451,347,489,345,489,344,490,344,513,342,513,342,514,342,547,340,547,339,548,339,554,340,555,342,555,342,617,340,617,339,618,339,690,337,690,337,690,337,704,335,704,334,705,334,707,333,707,333,705,332,704,330,704,330,702,330,702,308,702,308,700,308,699,294,699,294,678,293,678,291,678,291,673,293,673,294,673,294,668,293,668,291,668
306,219,308,219,308,219,308,169,310,169,311,168,311,147,313,147,313,146,313,144,320,144,320,144,320,142,325,142,325,144,325,144,342,144,342,146,342,147,351,147,351,149,352,149,354,149,354,151,354,152,356,152,356,166,357,166,359,166,359,182,357,182,356,183,356,231,354,231,354,231,354,274,352,274,351,275,351,313,347,313,347,313,347,315,306,315,306,229,308,229,308,228,308,227,308,226,306,226
