0,44,1,44,1,66,0,66
0,463,1,463,2,463,2,461,9,461,9,497,10,497,11,497,11,499,2,499,2,495,1,495,0,495,0,473,1,473,2,473,2,471,1,471,0,471,0,467,1,467,2,467,2,465,1,465,0,465
4,80,5,80,6,80,6,42,7,42,8,41,8,22,9,22,10,21,10,8,11,8,12,7,12,0,22,0,22,21,22,22,24,22,24,33,22,33,22,34,22,45,20,45,20,46,20,72,18,72,18,72,18,100,16,100,16,100,16,104,10,104,10,102,9,102,8,102,8,100,7,100,6,100,6,96,5,96,4,96
12,477,18,477,18,479,18,479,20,479,20,499,12,499
37,288,39,288,39,287,39,278,41,278,41,277,41,276,47,276,47,283,45,283,45,284,45,305,39,305,39,300,39,299,37,299
37,433,39,433,39,432,39,385,41,385,41,384,41,362,53,362,53,396,54,397,55,397,55,449,54,449,53,449,53,453,52,453,52,451,51,451,37,451
41,145,43,145,43,144,43,112,45,112,45,112,45,82,47,82,47,82,47,76,66,76,66,78,66,78,68,78,68,108,66,108,66,108,66,152,64,152,63,153,63,186,62,186,61,187,61,189,41,189
52,453,53,453,54,453,54,449,55,449,56,449,56,342,59,342,60,342,60,340,61,340,61,342,62,342,68,342,68,342,68,340,84,340,84,342,85,342,95,342,95,344,95,344,97,344,97,354,95,354,95,354,95,364,95,364,97,364,97,374,95,374,95,375,95,386,95,387,97,387,97,390,95,390,95,391,95,469,93,469,93,469,93,473,89,473,89,471,88,471,52,471
66,173,68,173,68,172,68,129,70,129,70,128,70,72,101,72,101,90,99,90,99,90,99,142,97,142,97,143,97,195,95,195,95,195,95,197,93,197,93,197,93,199,74,199,74,197,74,197,70,197,70,197,70,199,66,199
81,270,82,270,83,269,83,268,84,268,85,267,85,266,88,266,88,267,89,268,91,268,91,269,91,270,93,270,93,271,93,272,95,272,95,273,95,274,97,274,97,279,97,280,99,280,99,283,99,284,101,284,101,297,99,297,99,298,99,305,97,305,97,306,97,309,95,309,95,310,95,316,93,316,93,316,93,318,91,318,91,318,91,320,85,320,85,318,84,318,81,318,81,310,82,310,83,309,83,306,84,306,85,305,85,304,86,304,87,303,87,300,88,300,89,299,89,282,88,281,87,281,87,278,86,277,85,277,85,276,84,275,83,275,83,272,82,271,81,271
99,197,101,197,101,197,101,175,103,175,104,174,104,139,105,139,106,138,106,96,107,96,108,96,108,78,107,78,106,78,106,40,138,40,138,41,139,42,141,42,141,43,141,44,143,44,143,59,141,59,141,60,141,94,141,94,143,94,143,142,141,142,141,143,141,166,139,166,138,167,138,186,137,186,136,187,136,217,135,217,134,217,134,227,133,227,132,227,132,229,129,229,129,227,128,227,99,227
104,360,105,360,106,360,106,318,107,318,108,318,108,306,109,306,110,305,110,288,126,288,126,289,126,290,128,290,128,295,126,295,126,296,126,320,126,320,128,320,128,334,126,334,126,334,126,338,126,338,128,338,128,374,126,374,126,375,126,380,126,381,128,381,128,388,126,388,126,389,126,396,124,396,124,397,124,418,120,418,120,419,120,420,114,420,114,419,113,418,104,418
122,421,124,421,124,420,124,417,126,417,126,416,126,411,128,411,129,410,129,409,130,409,131,408,131,407,132,407,133,406,133,405,134,405,135,404,135,401,136,401,137,400,137,332,136,332,135,332,135,302,134,301,133,301,133,292,132,291,131,291,131,280,130,279,129,279,129,254,130,254,131,253,131,252,132,252,133,251,133,250,134,250,135,249,135,247,141,247,141,249,141,250,145,250,145,249,145,247,174,247,174,247,174,245,195,245,195,259,193,259,193,260,193,428,191,428,190,429,190,439,170,439,170,437,170,436,156,436,156,435,155,434,141,434,141,435,141,436,133,436,133,435,132,434,122,434
143,207,145,207,145,207,145,169,147,169,147,168,147,133,149,133,149,132,149,127,149,126,147,126,147,108,149,108,149,108,149,54,157,54,158,53,158,52,159,52,159,55,160,56,161,56,161,76,160,76,159,76,159,114,158,114,157,114,157,116,158,116,159,116,159,201,160,201,161,201,161,211,160,211,159,211,159,215,143,215
174,151,188,151,188,217,176,217,176,193,176,193,174,193
176,48,178,48,178,47,178,46,184,46,184,47,185,48,188,48,188,124,181,124,180,125,180,126,176,126
191,133,207,133,207,134,208,135,209,135,209,225,193,225,193,199,193,199,191,199,191,167,193,167,193,166,193,139,193,138,191,138
195,76,197,76,197,76,197,48,203,48,203,47,203,46,211,46,211,55,212,56,213,56,213,86,197,86,197,86,197,88,195,88
191,429,193,429,193,428,193,260,195,260,195,259,195,247,197,247,197,249,197,250,201,250,201,251,201,252,218,252,218,253,218,254,220,254,220,253,220,252,230,252,230,394,231,395,232,395,232,410,231,410,230,411,230,434,228,434,228,435,228,436,218,436,218,437,218,439,191,439
210,131,215,131,216,130,216,129,228,129,228,148,228,149,230,149,230,174,228,174,228,175,228,182,228,183,230,183,230,191,228,191,228,191,228,195,228,195,230,195,230,229,224,229,224,229,224,231,222,231,222,229,222,229,214,229,214,217,213,217,212,217,212,209,213,209,214,209,214,139,213,138,212,138,212,133,211,132,210,132
214,46,226,46,226,45,226,44,232,44,232,70,233,70,234,70,234,86,220,86,220,86,220,88,216,88,216,62,215,61,214,61
233,157,236,157,237,156,237,155,240,155,240,172,241,173,242,173,242,221,241,221,240,221,240,223,239,223,239,221,238,221,233,221
241,290,242,290,243,289,243,250,261,250,261,269,260,269,259,270,259,275,260,276,261,276,261,283,260,283,259,284,259,394,258,394,257,395,257,404,255,404,255,405,255,406,253,406,253,407,253,447,251,447,251,447,251,449,251,449,253,449,253,463,241,463,241,399,242,399,243,398,243,310,242,309,241,309
243,46,251,46,251,51,251,52,253,52,253,84,243,84
253,44,261,44,262,43,262,42,263,42,263,70,264,70,265,70,265,72,264,72,263,72,263,78,264,78,265,78,265,82,264,82,263,82,263,88,258,88,258,84,257,84,255,84,255,46,255,45,253,45
253,407,255,407,255,406,255,405,263,405,263,453,253,453
272,383,274,383,274,382,274,288,276,288,276,287,276,272,278,272,278,273,278,274,280,274,280,273,280,272,282,272,283,271,283,268,284,268,284,269,285,270,286,270,286,277,285,277,284,278,284,303,285,304,286,304,286,340,287,340,288,340,288,364,287,364,286,364,286,390,287,391,288,391,288,398,287,398,286,399,286,400,287,401,288,401,288,457,278,457,278,409,278,408,276,408,276,401,276,400,274,400,274,387,274,386,272,386
274,108,276,108,276,108,276,106,278,106,278,106,278,104,282,104,282,106,283,106,284,106,284,108,285,108,286,108,286,110,287,110,288,110,288,112,289,112,290,112,290,116,291,116,292,116,292,124,293,125,295,125,295,134,293,134,292,135,292,140,291,140,290,141,290,144,289,144,288,145,288,148,287,148,286,149,286,150,285,150,284,151,284,152,276,152,276,145,278,145,278,144,278,143,280,143,280,142,280,139,282,139,283,138,283,133,284,133,285,132,285,125,284,124,283,124,283,118,282,118,280,118,280,116,280,116,278,116,278,112,278,112,276,112,276,110,276,110,274,110
293,56,295,56,295,55,295,54,297,54,297,55,297,56,303,56,303,59,303,60,305,60,305,90,305,90,307,90,307,136,308,137,309,137,309,174,310,175,311,175,311,213,312,213,313,213,313,223,312,223,311,223,311,225,308,225,308,223,307,223,301,223,301,223,301,225,297,225,297,221,297,221,295,221,295,219,297,219,297,219,297,157,297,156,295,156,295,90,295,90,293,90
299,419,301,419,301,418,301,268,305,268,305,269,305,270,311,270,311,436,310,436,309,437,309,439,301,439,301,433,301,432,299,432,299,431,301,431,301,430,301,423,301,422,299,422
