45,245,47,245,48,245,48,235,49,235,50,234,50,229,51,229,52,228,52,220,53,220,54,220,54,214,55,214,56,214,56,208,57,208,58,207,58,200,60,200,60,199,60,193,62,193,62,193,62,185,64,185,64,184,64,179,66,179,66,178,66,170,68,170,68,170,68,162,70,162,70,161,70,154,80,154,80,164,79,164,78,164,78,172,77,172,76,172,76,180,75,180,74,181,74,186,73,186,72,187,72,195,70,195,70,195,70,203,68,203,68,204,68,211,66,211,66,212,66,218,64,218,64,218,64,226,62,226,62,227,62,234,60,234,60,235,60,245,58,245,57,245,57,249,45,249
64,237,66,237,66,236,66,229,68,229,68,228,68,220,70,220,70,220,70,212,72,212,73,211,73,202,74,202,75,201,75,193,76,193,77,193,77,185,78,185,79,184,79,177,80,177,81,176,81,168,82,168,83,168,83,160,85,160,85,159,85,150,87,150,87,149,87,145,103,145,103,147,104,147,105,147,105,153,104,153,103,154,103,166,102,166,101,166,101,174,100,174,99,175,99,184,98,184,97,185,97,195,96,195,95,195,95,209,93,209,93,210,93,218,91,218,91,218,91,226,89,226,89,227,89,234,87,234,87,235,87,241,85,241,85,241,85,249,83,249,82,250,82,255,81,255,80,256,80,257,75,257,75,256,74,255,64,255
148,329,149,329,150,328,150,310,151,310,152,309,152,300,153,300,154,299,154,287,164,287,164,291,162,291,162,291,162,314,160,314,160,314,160,326,158,326,158,327,158,343,150,343,150,337,149,336,148,336
158,327,160,327,160,326,160,314,162,314,162,314,162,291,164,291,164,291,164,287,172,287,172,295,171,295,170,295,170,309,169,309,168,310,168,339,167,339,166,339,166,345,158,345
164,193,166,193,167,193,167,181,168,181,169,180,169,172,170,172,171,172,171,166,172,166,173,166,173,162,174,162,175,161,175,158,176,158,177,157,177,154,179,154,179,153,179,147,185,147,185,151,185,152,187,152,187,153,185,153,185,154,185,157,183,157,183,158,183,161,181,161,181,162,181,166,179,166,179,166,179,172,177,172,176,172,176,180,175,180,174,181,174,193,173,193,172,193,172,207,173,208,174,208,174,218,175,218,176,218,176,224,177,225,179,225,179,230,171,230,171,225,170,224,169,224,169,218,168,218,167,218,167,208,166,207,164,207
183,270,185,270,185,270,185,237,187,237,187,236,187,220,189,220,189,220,189,195,191,195,192,195,192,187,193,187,194,186,194,185,197,185,197,186,198,187,201,187,201,189,202,189,210,189,210,191,210,191,212,191,212,205,210,205,210,206,210,232,208,232,208,233,208,268,206,268,206,268,206,278,196,278,195,279,195,280,192,280,192,279,191,278,185,278,185,275,185,274,183,274
212,466,214,466,215,466,215,439,216,439,217,439,217,414,218,414,219,414,219,406,220,406,221,405,221,404,229,404,229,411,227,411,227,412,227,455,225,455,224,456,224,493,212,493
223,206,231,206,231,207,229,207,229,208,229,226,223,226,223,212,224,212,225,211,225,208,224,207,223,207
231,206,235,206,235,218,231,218
240,158,241,158,242,157,242,156,252,156,252,157,252,158,254,158,254,174,252,174,252,175,252,176,250,176,250,175,249,174,240,174
