29,217,30,217,31,217,31,209,32,209,33,209,33,203,34,203,35,203,35,199,36,199,37,199,37,195,38,195,39,195,39,191,40,191,41,191,41,189,43,189,43,189,43,187,45,187,45,186,45,183,47,183,47,182,47,181,49,181,49,180,49,179,51,179,51,178,51,177,53,177,53,176,53,173,55,173,56,172,56,171,57,171,58,170,58,169,59,169,59,170,60,171,61,171,61,174,62,175,63,175,63,178,64,179,65,179,65,180,66,181,67,181,67,186,66,186,65,187,65,189,64,189,63,189,63,193,62,193,61,193,61,195,60,195,59,195,59,197,58,197,57,197,57,201,56,201,55,201,55,203,53,203,53,203,53,207,51,207,51,207,51,211,49,211,49,211,49,217,47,217,47,217,47,229,45,229,45,229,45,239,45,239,47,239,47,253,47,254,49,254,49,261,49,262,51,262,51,265,51,266,53,266,53,269,53,270,55,270,55,273,56,274,57,274,57,275,58,276,59,276,59,277,60,278,61,278,61,281,62,282,63,282,63,283,64,284,65,284,65,285,66,286,67,286,67,287,68,288,70,288,70,295,68,295,67,296,67,297,66,297,65,298,65,299,64,299,63,300,63,301,62,301,61,302,61,303,60,303,60,302,59,301,58,301,58,300,57,299,56,299,56,298,55,297,53,297,53,296,53,295,51,295,51,294,51,293,49,293,49,292,49,291,47,291,47,290,47,289,45,289,45,288,45,287,43,287,43,284,43,283,41,283,41,282,40,281,39,281,39,278,38,277,37,277,37,274,36,273,35,273,35,270,34,269,33,269,33,262,32,261,31,261,31,254,30,253,29,253
114,112,115,112,116,112,116,108,136,108,136,154,136,155,138,155,138,162,136,162,136,163,136,215,136,215,138,215,138,344,139,344,140,344,140,358,132,358,132,358,132,360,130,360,130,358,130,358,118,358,118,344,117,344,116,344,116,322,117,322,118,322,118,276,117,275,116,275,116,122,115,122,114,122
139,175,140,175,141,174,141,173,150,173,150,174,151,175,169,175,169,176,170,177,171,177,171,205,172,205,173,205,173,291,172,291,171,292,171,293,145,293,144,294,144,295,143,295,143,294,142,293,141,293,141,284,142,284,143,283,143,231,142,231,141,231,141,211,140,211,139,211
174,245,175,245,176,245,176,108,186,108,186,231,186,231,188,231,188,241,186,241,186,241,186,253,186,254,188,254,188,344,188,344,190,344,190,356,178,356,178,266,177,265,176,265,176,252,175,251,174,251
190,116,196,116,196,197,197,197,198,197,198,205,197,205,196,205,196,211,197,211,198,211,198,219,197,219,196,219,196,221,197,221,198,221,198,311,199,312,200,312,200,322,192,322,192,320,192,320,190,320
199,116,204,116,204,227,203,227,202,227,202,231,203,231,204,231,204,277,205,278,206,278,206,297,205,297,204,298,204,299,201,299,201,294,200,293,199,293
205,116,213,116,213,118,211,118,211,118,211,122,211,122,213,122,213,182,211,182,211,183,211,201,211,201,213,201,213,207,211,207,211,207,211,223,211,223,213,223,213,279,207,279,207,199,206,199,205,199,205,197,206,197,207,197,207,127,206,126,205,126,205,122,206,122,207,122,207,120,206,120,205,120
213,116,219,116,219,221,215,221,215,219,215,219,213,219,213,217,215,217,215,217,215,215,215,215,213,215,213,199,215,199,215,199,215,173,215,172,213,172,213,171,215,171,215,170,215,118,215,118,213,118
213,328,215,328,215,328,215,245,217,245,217,245,217,241,219,241,219,259,219,260,221,260,221,281,219,281,219,282,219,287,219,288,221,288,221,291,219,291,219,292,219,293,219,294,221,294,221,346,222,346,223,346,223,350,222,350,221,350,221,352,217,352,217,352,217,354,215,354,215,344,215,344,213,344
222,116,227,116,227,237,224,237,223,237,223,239,224,239,225,239,225,241,226,241,227,241,227,279,228,280,229,280,229,348,224,348,224,346,223,346,222,346,222,316,223,316,224,316,224,306,223,305,222,305
230,169,231,169,232,168,232,167,240,167,240,168,238,168,238,169,238,283,232,283,232,227,231,227,230,227
234,143,236,143,236,142,236,141,238,141,238,140,238,139,252,139,252,158,253,159,254,159,254,160,236,160,236,159,236,158,234,158
238,209,240,209,240,209,240,205,244,205,244,249,244,250,246,250,246,275,238,275,238,258,240,258,240,257,240,235,240,235,238,235
246,207,248,207,249,207,249,205,252,205,252,261,246,261
