27,91,28,91,28,90,28,81,29,81,30,80,30,77,30,77,31,77,31,76,38,76,38,100,38,101,39,101,39,119,40,120,40,120,40,127,37,127,37,126,37,125,36,125,35,126,35,127,35,127,34,127,34,128,31,128,31,126,30,125,30,125,30,120,29,119,28,119,28,111,28,110,27,110
43,60,44,60,45,59,45,58,48,58,48,59,48,60,54,60,55,59,55,58,59,58,59,70,58,70,58,71,58,127,58,127,59,127,59,139,60,140,60,140,60,143,53,143,53,142,53,142,46,142,46,140,45,139,45,139,45,120,44,119,43,119
45,165,45,165,46,164,46,163,49,163,50,163,50,162,50,162,50,164,51,165,52,165,52,174,52,175,53,175,53,185,53,186,54,186,54,199,46,199,46,190,45,189,45,189
51,161,52,161,52,160,52,158,55,158,56,158,56,157,65,157,65,158,66,158,67,158,67,159,66,159,65,160,65,164,66,165,67,165,67,177,67,177,68,177,68,185,68,186,69,186,69,195,70,196,70,196,70,199,55,199,55,186,54,185,53,185,53,175,53,174,52,174,52,165,52,164,51,164
62,73,67,73,67,74,67,75,69,75,69,75,70,76,70,76,70,78,71,78,72,78,72,80,72,81,73,81,73,83,73,83,74,83,74,85,75,86,75,86,75,88,76,88,77,88,77,92,77,92,78,92,78,94,78,95,79,95,79,109,78,109,78,110,78,115,77,115,77,116,77,120,76,120,75,121,75,125,75,125,74,126,74,130,73,130,73,131,73,132,72,132,72,132,72,134,71,134,70,135,70,135,70,135,70,135,69,134,67,134,67,132,67,132,66,132,66,131,65,130,63,130,63,130,63,129,62,129
152,100,192,100,192,100,192,101,219,101,219,109,218,109,218,110,218,110,155,110,155,110,154,109,152,109
172,152,173,152,173,152,173,146,178,146,178,150,178,151,179,151,179,159,178,159,178,160,178,168,178,168,179,168,179,193,173,193,173,192,173,192,172,192
180,140,187,140,187,143,186,143,185,143,185,147,186,147,187,147,187,158,186,158,185,158,185,192,180,192
186,158,187,158,187,158,187,140,193,140,193,175,192,175,192,176,192,198,186,198
236,187,237,187,237,187,237,183,238,183,238,183,238,181,239,181,240,180,240,178,240,178,241,178,241,176,242,176,242,175,242,173,243,173,243,173,243,172,244,172,245,172,245,171,245,171,246,170,246,170,247,170,247,169,247,168,248,168,248,168,248,167,250,167,251,167,251,166,252,166,252,165,252,165,254,165,255,164,255,163,257,163,257,163,257,162,259,162,260,162,260,161,260,161,261,160,261,160,264,160,264,160,265,161,265,161,265,164,266,165,267,165,267,169,266,169,265,170,265,170,263,170,263,171,263,172,261,172,260,172,260,173,258,173,258,173,258,174,257,174,257,175,257,175,256,175,255,176,255,177,255,177,254,177,254,178,253,178,253,178,253,179,252,179,252,180,252,182,251,182,250,182,250,184,250,184,249,185,249,187,248,187,248,187,248,189,247,189,247,190,247,197,246,197,245,197,245,199,236,199
