10,145,12,145,12,145,12,143,20,143,20,145,20,145,22,145,22,186,10,186
60,12,62,12,62,11,62,10,64,10,64,11,64,12,66,12,66,11,66,10,68,10,68,28,68,29,70,29,70,70,66,70,66,68,66,68,64,68,64,35,64,34,62,34,62,16,62,16,60,16
104,2,105,2,106,1,106,0,118,0,118,26,118,27,120,27,120,30,110,30,110,31,110,32,108,32,108,31,108,30,106,30,106,4,105,3,104,3
106,129,108,129,108,128,108,127,110,127,110,128,110,129,128,129,128,130,129,131,130,131,130,136,129,136,128,137,128,145,129,145,130,145,130,199,131,200,133,200,133,270,133,270,135,270,135,311,135,312,137,312,137,336,137,337,139,337,139,382,127,382,126,383,126,384,118,384,118,383,118,382,116,382,116,339,116,339,114,339,114,306,114,305,112,305,112,239,112,239,110,239,110,187,110,186,108,186,108,133,108,132,106,132
123,410,124,410,125,409,125,404,126,404,127,403,127,400,128,400,129,399,129,397,130,397,131,397,131,395,133,395,133,395,133,393,137,393,137,397,135,397,135,397,135,401,133,401,133,402,133,405,131,405,130,406,130,411,129,411,128,412,128,420,129,420,130,420,130,426,131,427,133,427,133,430,133,431,135,431,135,432,135,433,139,433,139,434,139,435,141,435,141,439,141,439,145,439,145,443,139,443,139,441,139,441,135,441,135,439,135,439,133,439,133,437,133,436,131,436,131,435,130,434,129,434,129,433,128,432,127,432,127,429,126,428,125,428,125,420,124,420,123,420
123,456,137,456,137,459,135,459,135,460,135,461,135,462,137,462,137,470,135,470,135,470,135,474,135,475,137,475,137,499,123,499
131,60,135,60,135,80,135,81,137,81,137,93,137,93,139,93,139,101,137,101,137,102,137,103,133,103,133,85,133,84,131,84
137,64,141,64,141,89,141,89,143,89,143,99,139,99,139,93,139,93,137,93
144,93,145,93,146,93,146,81,147,81,148,80,148,68,147,68,146,68,146,64,147,64,148,64,148,62,156,62,156,68,154,68,153,68,153,74,152,74,151,75,151,76,152,77,153,77,153,86,154,87,156,87,156,89,156,89,158,89,158,103,146,103,146,100,145,99,144,99
141,170,158,170,158,191,158,191,160,191,160,205,160,206,162,206,162,209,160,209,160,210,160,232,160,233,162,233,162,274,162,275,164,275,164,324,148,324,148,272,147,272,146,272,146,225,145,224,144,224,144,187,143,186,141,186
160,210,162,210,162,209,162,208,176,208,176,253,177,254,179,254,179,286,164,286,164,275,164,274,162,274,162,233,162,232,160,232
162,391,176,391,176,393,177,393,179,393,179,397,179,397,181,397,181,399,181,400,183,400,183,401,183,402,185,402,185,407,185,408,187,408,187,426,185,426,185,427,185,430,183,430,183,431,183,434,181,434,181,435,181,436,179,436,179,437,179,439,177,439,176,439,176,441,171,441,171,435,172,435,173,434,173,433,174,433,175,432,175,431,176,431,177,430,177,427,179,427,179,426,179,408,179,407,177,407,177,404,176,403,175,403,175,402,174,401,173,401,173,400,172,399,171,399,171,397,170,397,169,397,169,395,168,395,164,395,164,393,164,393,162,393
171,62,174,62,174,70,175,70,176,70,176,97,171,97,171,87,172,87,173,86,173,77,172,76,171,76
185,127,204,127,204,195,204,195,206,195,206,253,206,254,208,254,208,330,208,331,210,331,210,370,194,370,194,347,193,347,192,347,192,320,191,320,189,320,189,300,191,300,192,299,192,297,191,297,189,297,189,245,189,245,187,245,187,231,189,231,189,230,189,166,189,166,187,166,187,139,187,139,185,139
