44,336,48,336,48,378,46,378,46,379,46,380,44,380
62,328,64,328,65,328,65,316,66,316,67,316,67,308,68,308,69,307,69,300,70,300,71,299,71,296,72,296,73,295,73,290,74,290,75,289,75,284,76,284,77,283,77,280,82,280,82,281,83,282,90,282,90,283,91,284,94,284,94,293,93,293,92,294,92,299,91,299,90,300,90,305,89,305,88,306,88,311,87,311,86,312,86,322,85,322,84,322,84,330,83,330,82,330,82,346,81,346,80,346,80,354,81,354,82,354,82,376,83,377,84,377,84,386,85,387,86,387,86,392,87,393,88,393,88,398,89,399,90,399,90,404,91,405,92,405,92,408,93,409,94,409,94,414,95,415,96,415,96,418,93,418,92,419,92,420,89,420,88,421,88,422,85,422,84,423,84,424,79,424,79,423,78,422,77,422,77,417,76,416,75,416,75,413,74,412,73,412,73,407,72,406,71,406,71,399,70,398,69,398,69,391,68,390,67,390,67,383,66,382,65,382,65,370,64,370,62,370
85,336,92,336,93,336,93,334,101,334,101,336,101,336,103,336,103,344,103,344,105,344,105,368,103,368,103,368,103,370,95,370,95,368,94,368,89,368,88,368,88,370,87,370,87,346,86,346,85,346
101,131,103,131,103,130,103,118,105,118,105,118,105,110,107,110,107,110,107,104,109,104,109,104,109,98,111,98,111,98,111,94,113,94,113,94,113,88,115,88,115,88,115,84,117,84,117,84,117,82,119,82,119,82,119,78,121,78,121,78,121,76,125,76,125,78,125,78,129,78,129,80,130,80,131,80,131,82,132,82,135,82,135,84,136,84,137,84,137,86,136,86,135,86,135,92,134,92,133,92,133,96,132,96,131,96,131,100,130,100,129,100,129,106,127,106,127,106,127,110,125,110,125,110,125,118,123,118,123,118,123,126,121,126,121,127,121,136,119,136,119,137,119,180,119,181,121,181,121,191,121,191,123,191,123,197,123,197,125,197,125,203,125,203,127,203,127,207,127,207,129,207,129,213,130,213,131,213,131,219,132,219,133,219,133,223,134,223,135,223,135,227,136,227,137,227,137,233,134,233,133,233,133,235,130,235,129,235,129,237,125,237,125,237,125,239,123,239,123,237,123,237,121,237,121,233,121,233,119,233,119,231,119,231,117,231,117,227,117,227,115,227,115,223,115,223,113,223,113,219,113,219,111,219,111,215,111,215,109,215,109,209,109,209,107,209,107,203,107,203,105,203,105,195,105,195,103,195,103,183,103,182,101,182
109,403,111,403,111,402,111,385,113,385,113,384,113,381,113,380,111,380,111,296,113,296,113,295,113,292,131,292,132,291,132,290,188,290,188,291,188,292,190,292,190,326,188,326,188,326,188,334,188,334,190,334,190,376,188,376,188,377,188,382,186,382,186,383,186,384,176,384,176,385,176,386,164,386,164,387,164,388,160,388,159,389,159,390,156,390,155,391,155,392,154,392,153,393,153,414,152,414,151,415,151,418,144,418,144,417,143,416,115,416,115,415,115,414,111,414,111,413,111,412,109,412
130,137,131,137,132,136,132,135,141,135,142,134,142,133,164,133,164,132,164,131,174,131,174,178,172,178,172,179,172,180,164,180,164,181,164,182,160,182,159,183,159,184,158,184,157,185,157,186,156,186,155,187,155,193,154,193,153,193,153,201,152,201,151,201,151,203,146,203,146,201,145,201,136,201,135,201,135,203,134,203,134,201,133,201,132,201,132,143,131,142,130,142
174,213,180,213,180,215,180,215,184,215,184,215,184,213,186,213,186,225,184,225,184,225,184,233,184,233,186,233,186,237,174,237
174,78,180,78,180,80,180,80,182,80,182,80,182,78,186,78,186,88,184,88,184,88,184,92,184,92,186,92,186,102,174,102
178,112,186,112,186,112,186,110,190,110,190,203,184,203,184,203,184,205,178,205
199,397,200,397,201,396,201,340,202,340,203,340,203,284,208,284,209,283,209,282,220,282,220,422,207,422,206,423,206,424,201,424,201,423,200,422,199,422
203,92,222,92,222,94,223,94,224,94,224,100,223,100,222,100,222,132,223,133,224,133,224,223,213,223,212,223,212,225,211,225,211,223,210,223,205,223,205,219,204,219,203,219,203,217,204,217,205,217,205,116,204,116,203,116,203,114,204,114,205,114,205,110,204,110,203,110
227,92,239,92,239,94,237,94,237,94,237,124,237,125,239,125,239,197,237,197,237,197,237,203,237,203,239,203,239,225,227,225
231,282,239,282,239,281,239,280,253,280,253,281,253,282,255,282,255,420,253,420,253,421,253,422,233,422,233,421,233,420,231,420,231,405,233,405,233,404,233,391,233,390,231,390,231,348,233,348,233,348,233,342,233,342,231,342
253,421,257,421,257,420,257,417,257,416,255,416,255,381,257,381,257,380,257,356,257,356,255,356,255,324,257,324,257,324,257,290,257,289,255,289,255,282,269,282,269,285,268,285,267,286,267,322,268,322,269,322,269,422,253,422
