34,127,35,127,36,127,36,123,37,123,37,125,38,125,45,125,45,127,45,127,46,127,46,134,45,134,45,135,45,143,43,143,43,144,43,154,43,155,45,155,45,167,38,167,37,168,37,169,36,169,36,168,35,167,34,167
32,101,34,101,34,101,34,81,35,81,36,80,36,70,37,70,38,69,38,61,39,61,40,60,40,53,41,53,41,53,41,48,43,48,43,47,43,42,45,42,45,42,45,38,46,38,47,38,47,33,48,33,49,32,49,29,50,29,50,29,50,27,52,27,52,27,52,25,61,25,61,27,61,27,66,27,66,29,67,29,72,29,72,30,72,31,74,31,74,38,72,38,72,38,72,43,70,43,70,44,70,49,69,49,68,49,68,55,67,55,66,55,66,62,65,62,65,62,65,108,63,108,63,109,63,110,38,110,38,109,37,108,32,108
34,223,35,223,36,223,36,192,50,192,50,191,50,190,75,190,75,191,76,192,77,192,77,197,76,197,75,197,75,206,74,206,74,207,74,212,72,212,72,212,72,249,72,249,74,249,74,256,74,257,75,257,75,264,76,264,77,264,77,271,63,271,63,271,63,273,61,273,61,271,61,271,49,271,49,270,48,269,34,269
72,29,74,29,74,29,74,22,75,22,76,21,76,18,77,18,77,19,78,20,105,20,105,95,103,95,103,96,103,117,101,117,101,118,101,175,100,175,99,175,99,190,96,190,96,188,95,188,87,188,87,186,86,186,83,186,83,185,83,184,81,184,81,177,83,177,83,177,83,168,85,168,85,167,85,155,85,154,83,154,83,142,83,141,81,141,81,129,81,129,80,129,80,118,79,117,78,117,78,112,77,112,76,112,76,107,75,106,74,106,74,46,75,46,76,45,76,31,75,30,72,30
78,249,79,249,80,249,80,194,81,194,81,193,81,192,88,192,88,193,89,194,95,194,95,256,94,256,94,257,94,271,80,271,80,259,79,258,78,258
136,212,137,212,138,212,138,190,139,190,140,190,140,181,141,181,141,180,141,177,143,177,143,177,143,172,145,172,145,171,145,168,146,168,147,167,147,166,148,166,149,166,149,162,150,162,150,162,150,159,152,159,152,158,152,157,159,157,159,158,160,159,161,159,161,162,161,162,163,162,163,164,163,164,165,164,165,166,165,166,166,166,166,167,167,168,170,168,170,169,170,170,174,170,174,178,172,178,172,179,172,184,170,184,170,185,170,191,169,191,168,192,168,204,167,204,166,205,166,223,167,223,168,223,168,230,169,231,170,231,170,236,170,236,172,236,172,240,172,240,174,240,174,245,174,246,175,246,175,249,176,249,177,249,177,252,178,253,179,253,179,256,180,257,181,257,181,258,181,259,183,259,183,265,183,266,185,266,185,267,183,267,183,268,183,269,174,269,174,270,174,271,170,271,170,271,170,273,167,273,166,273,166,275,163,275,163,275,163,277,160,277,160,275,159,275,158,275,158,273,157,273,156,273,156,270,155,269,154,269,154,268,154,267,152,267,152,266,152,265,150,265,150,264,150,264,149,264,149,260,148,260,147,260,147,257,146,256,145,256,145,253,145,252,143,252,143,249,143,249,141,249,141,246,141,245,140,245,140,238,139,238,138,238,138,222,137,221,136,221
138,24,139,24,140,23,140,22,150,22,150,23,150,24,161,24,161,25,161,25,172,25,172,27,172,27,185,27,185,27,185,25,188,25,188,34,189,35,190,35,190,56,189,56,188,57,188,66,189,66,190,66,190,79,190,79,192,79,192,88,192,88,194,88,194,97,194,98,195,98,195,112,196,112,197,112,197,129,196,129,195,129,195,136,167,136,166,136,166,138,150,138,150,136,150,136,149,136,149,131,148,130,147,130,147,103,146,103,145,103,145,85,145,84,143,84,143,70,143,69,141,69,141,55,141,55,140,55,140,40,139,40,138,40
170,185,172,185,172,184,172,179,174,179,174,178,174,172,192,172,192,171,192,170,201,170,201,175,200,175,199,175,199,190,198,190,197,190,197,240,198,240,199,240,199,251,181,251,181,249,181,249,180,249,180,247,179,247,178,247,178,220,177,219,176,219,176,205,175,204,174,204,174,201,174,201,170,201
189,24,190,24,190,23,190,22,201,22,201,25,201,25,203,25,203,27,203,27,206,27,206,29,207,29,210,29,210,30,210,31,214,31,214,45,212,45,212,46,212,82,212,83,214,83,214,93,214,94,215,94,215,110,216,111,217,111,217,117,216,117,215,118,215,130,214,130,214,131,214,134,212,134,212,135,212,136,207,136,207,135,206,134,201,134,201,135,201,136,196,136,196,129,197,129,198,129,198,112,197,112,196,112,196,103,197,103,198,103,198,99,197,99,196,99,196,98,195,97,194,97,194,88,194,88,192,88,192,79,192,79,190,79,190,66,190,66,189,66,189,57,190,57,190,56,190,35,190,34,189,34
200,199,201,199,201,199,201,192,203,192,203,191,203,186,205,186,205,186,205,185,206,185,206,186,207,186,212,186,212,188,212,188,215,188,215,190,216,190,217,190,217,201,218,201,219,201,219,227,218,227,217,227,217,228,216,228,215,229,215,230,214,230,214,231,214,236,212,236,212,236,212,238,210,238,210,238,210,240,203,240,203,236,203,236,201,236,201,233,201,232,200,232
216,29,219,29,220,29,220,27,223,27,223,29,223,29,239,29,239,30,240,31,246,31,247,30,247,29,255,29,255,40,254,40,254,40,254,82,252,82,252,83,252,86,252,86,254,86,254,103,252,103,252,103,252,116,252,116,254,116,254,134,241,134,241,133,241,132,223,132,223,120,223,119,221,119,221,103,221,103,220,103,220,92,219,92,218,92,218,35,217,34,216,34
258,46,261,46,261,47,261,48,275,48,275,49,276,49,277,49,277,55,276,55,275,55,275,82,276,83,277,83,277,97,278,98,279,98,279,101,278,101,277,101,277,106,278,107,279,107,279,116,274,116,274,116,274,117,272,117,272,116,272,116,269,116,268,116,268,117,261,117,261,116,261,116,260,116,260,85,259,84,258,84
269,257,270,257,270,256,270,177,272,177,272,177,272,166,279,166,280,166,280,164,288,164,288,166,289,166,290,166,290,167,290,168,292,168,292,258,290,258,290,259,290,265,289,265,288,266,288,267,270,267,270,264,270,264,269,264
